{
    "animation": [
        {
            "name": "Root",
            "time": [0.0, 0.0167, 0.0333, 0.05, 0.0667, 0.0833, 0.1, 0.1167, 0.1333, 0.15, 0.1667, 0.1833, 0.2, 0.2167, 0.2333, 0.25, 0.2667, 0.2833, 0.3, 0.3167, 0.3333, 0.35, 0.3667, 0.3833, 0.4, 0.4167, 0.4333, 0.45, 0.4667, 0.4833, 0.5, 0.5167, 0.5333, 0.55, 0.5667, 0.5833, 0.6, 0.6167, 0.6333, 0.65, 0.6667, 0.6833, 0.7, 0.7167, 0.7333, 0.75, 0.7667, 0.7833, 0.8, 0.8167, 0.8333, 0.85, 0.8667, 0.8833, 0.9, 0.9167, 0.9333, 0.95, 0.9667, 0.9833, 1.0, 1.0167, 1.0333, 1.05, 1.0667, 1.0833, 1.1, 1.1167, 1.1333, 1.15, 1.1667, 1.1833, 1.2, 1.2167, 1.2333, 1.25, 1.2667, 1.2833, 1.3, 1.3167, 1.3333],
            "transform": [
                [1.0, 0.0, 0.0, -5e-06, 0.0, 0.067098, -0.997746, 0.000946, 0.0, 0.997746, 0.067098, 0.717889, 0.0, 0.0, 0.0, 1.0],
                [1.0, 0.0, 0.0, -5e-06, 0.0, 0.067098, -0.997746, 0.000946, 0.0, 0.997746, 0.067098, 0.71737, 0.0, 0.0, 0.0, 1.0],
                [1.0, 0.0, 0.0, -5e-06, 0.0, 0.067098, -0.997746, 0.000946, 0.0, 0.997746, 0.067098, 0.715963, 0.0, 0.0, 0.0, 1.0],
                [1.0, 0.0, 0.0, -5e-06, 0.0, 0.067098, -0.997746, 0.000946, 0.0, 0.997746, 0.067098, 0.713888, 0.0, 0.0, 0.0, 1.0],
                [1.0, 0.0, 0.0, -5e-06, 0.0, 0.067098, -0.997746, 0.000946, 0.0, 0.997746, 0.067098, 0.71137, 0.0, 0.0, 0.0, 1.0],
                [1.0, 0.0, 0.0, -5e-06, 0.0, 0.067098, -0.997746, 0.000946, 0.0, 0.997746, 0.067098, 0.708629, 0.0, 0.0, 0.0, 1.0],
                [1.0, 0.0, 0.0, -5e-06, 0.0, 0.067098, -0.997746, 0.000946, 0.0, 0.997746, 0.067098, 0.705888, 0.0, 0.0, 0.0, 1.0],
                [1.0, 0.0, 0.0, -5e-06, 0.0, 0.067098, -0.997746, 0.000946, 0.0, 0.997746, 0.067098, 0.703369, 0.0, 0.0, 0.0, 1.0],
                [1.0, 0.0, 0.0, -5e-06, 0.0, 0.067098, -0.997746, 0.000946, 0.0, 0.997746, 0.067098, 0.701295, 0.0, 0.0, 0.0, 1.0],
                [1.0, 0.0, 0.0, -5e-06, 0.0, 0.067098, -0.997746, 0.000946, 0.0, 0.997746, 0.067098, 0.699888, 0.0, 0.0, 0.0, 1.0],
                [1.0, 0.0, 0.0, -5e-06, 0.0, 0.067098, -0.997746, 0.000946, 0.0, 0.997746, 0.067098, 0.699369, 0.0, 0.0, 0.0, 1.0],
                [1.0, 0.0, 0.0, -5e-06, 0.0, 0.067098, -0.997746, 0.000946, 0.0, 0.997746, 0.067098, 0.700274, 0.0, 0.0, 0.0, 1.0],
                [1.0, 0.0, 0.0, -5e-06, 0.0, 0.067098, -0.997746, 0.000946, 0.0, 0.997746, 0.067098, 0.70275, 0.0, 0.0, 0.0, 1.0],
                [1.0, 0.0, 0.0, -5e-06, 0.0, 0.067098, -0.997746, 0.000946, 0.0, 0.997746, 0.067098, 0.706441, 0.0, 0.0, 0.0, 1.0],
                [1.0, 0.0, 0.0, -5e-06, 0.0, 0.067098, -0.997746, 0.000946, 0.0, 0.997746, 0.067098, 0.710992, 0.0, 0.0, 0.0, 1.0],
                [1.0, 0.0, 0.0, -5e-06, 0.0, 0.067098, -0.997746, 0.000946, 0.0, 0.997746, 0.067098, 0.716047, 0.0, 0.0, 0.0, 1.0],
                [1.0, 0.0, 0.0, -5e-06, 0.0, 0.067098, -0.997746, 0.000946, 0.0, 0.997746, 0.067098, 0.721249, 0.0, 0.0, 0.0, 1.0],
                [1.0, 0.0, 0.0, -5e-06, 0.0, 0.067098, -0.997746, 0.000946, 0.0, 0.997746, 0.067098, 0.726242, 0.0, 0.0, 0.0, 1.0],
                [1.0, 0.0, 0.0, -5e-06, 0.0, 0.067098, -0.997746, 0.000946, 0.0, 0.997746, 0.067098, 0.73067, 0.0, 0.0, 0.0, 1.0],
                [1.0, 0.0, 0.0, -5e-06, 0.0, 0.067098, -0.997746, 0.000946, 0.0, 0.997746, 0.067098, 0.734178, 0.0, 0.0, 0.0, 1.0],
                [1.0, 0.0, 0.0, -5e-06, 0.0, 0.067098, -0.997746, 0.000946, 0.0, 0.997746, 0.067098, 0.736408, 0.0, 0.0, 0.0, 1.0],
                [1.0, 0.0, 0.0, -5e-06, 0.0, 0.067098, -0.997746, 0.000946, 0.0, 0.997746, 0.067098, 0.73774, 0.0, 0.0, 0.0, 1.0],
                [1.0, 0.0, 0.0, -5e-06, 0.0, 0.067098, -0.997746, 0.000946, 0.0, 0.997746, 0.067098, 0.738805, 0.0, 0.0, 0.0, 1.0],
                [1.0, 0.0, 0.0, -5e-06, 0.0, 0.067098, -0.997746, 0.000946, 0.0, 0.997746, 0.067098, 0.739636, 0.0, 0.0, 0.0, 1.0],
                [1.0, 0.0, 0.0, -5e-06, 0.0, 0.067098, -0.997746, 0.000946, 0.0, 0.997746, 0.067098, 0.740259, 0.0, 0.0, 0.0, 1.0],
                [1.0, 0.0, 0.0, -5e-06, 0.0, 0.067098, -0.997746, 0.000946, 0.0, 0.997746, 0.067098, 0.740706, 0.0, 0.0, 0.0, 1.0],
                [1.0, 0.0, 0.0, -5e-06, 0.0, 0.067098, -0.997746, 0.000946, 0.0, 0.997746, 0.067098, 0.741006, 0.0, 0.0, 0.0, 1.0],
                [1.0, 0.0, 0.0, -5e-06, 0.0, 0.067098, -0.997746, 0.000946, 0.0, 0.997746, 0.067098, 0.741188, 0.0, 0.0, 0.0, 1.0],
                [1.0, 0.0, 0.0, -5e-06, 0.0, 0.067098, -0.997746, 0.000946, 0.0, 0.997746, 0.067098, 0.741281, 0.0, 0.0, 0.0, 1.0],
                [1.0, 0.0, 0.0, -5e-06, 0.0, 0.067098, -0.997746, 0.000946, 0.0, 0.997746, 0.067098, 0.741316, 0.0, 0.0, 0.0, 1.0],
                [1.0, 0.0, 0.0, -5e-06, 0.0, 0.067098, -0.997746, 0.000946, 0.0, 0.997746, 0.067098, 0.74132, 0.0, 0.0, 0.0, 1.0],
                [1.0, 0.0, 0.0, -5e-06, 0.0, 0.067098, -0.997746, 0.000946, 0.0, 0.997746, 0.067098, 0.740993, 0.0, 0.0, 0.0, 1.0],
                [1.0, 0.0, 0.0, -5e-06, 0.0, 0.067098, -0.997746, 0.000946, 0.0, 0.997746, 0.067098, 0.740066, 0.0, 0.0, 0.0, 1.0],
                [1.0, 0.0, 0.0, -5e-06, 0.0, 0.067098, -0.997746, 0.000946, 0.0, 0.997746, 0.067098, 0.738618, 0.0, 0.0, 0.0, 1.0],
                [1.0, 0.0, 0.0, -5e-06, 0.0, 0.067098, -0.997746, 0.000946, 0.0, 0.997746, 0.067098, 0.736731, 0.0, 0.0, 0.0, 1.0],
                [1.0, 0.0, 0.0, -5e-06, 0.0, 0.067098, -0.997746, 0.000946, 0.0, 0.997746, 0.067098, 0.734486, 0.0, 0.0, 0.0, 1.0],
                [1.0, 0.0, 0.0, -5e-06, 0.0, 0.067098, -0.997746, 0.000946, 0.0, 0.997746, 0.067098, 0.731962, 0.0, 0.0, 0.0, 1.0],
                [1.0, 0.0, 0.0, -5e-06, 0.0, 0.067098, -0.997746, 0.000946, 0.0, 0.997746, 0.067098, 0.729241, 0.0, 0.0, 0.0, 1.0],
                [1.0, 0.0, 0.0, -5e-06, 0.0, 0.067098, -0.997746, 0.000946, 0.0, 0.997746, 0.067098, 0.726402, 0.0, 0.0, 0.0, 1.0],
                [1.0, 0.0, 0.0, -5e-06, 0.0, 0.067098, -0.997746, 0.000946, 0.0, 0.997746, 0.067098, 0.723527, 0.0, 0.0, 0.0, 1.0],
                [1.0, 0.0, 0.0, -5e-06, 0.0, 0.067098, -0.997746, 0.000946, 0.0, 0.997746, 0.067098, 0.720697, 0.0, 0.0, 0.0, 1.0],
                [1.0, 0.0, 0.0, -5e-06, 0.0, 0.067098, -0.997746, 0.000946, 0.0, 0.997746, 0.067098, 0.717983, 0.0, 0.0, 0.0, 1.0],
                [1.0, 0.0, 0.0, -5e-06, 0.0, 0.067098, -0.997746, 0.000946, 0.0, 0.997746, 0.067098, 0.715424, 0.0, 0.0, 0.0, 1.0],
                [1.0, 0.0, 0.0, -5e-06, 0.0, 0.067098, -0.997746, 0.000946, 0.0, 0.997746, 0.067098, 0.713052, 0.0, 0.0, 0.0, 1.0],
                [1.0, 0.0, 0.0, -5e-06, 0.0, 0.067098, -0.997746, 0.000946, 0.0, 0.997746, 0.067098, 0.710896, 0.0, 0.0, 0.0, 1.0],
                [1.0, 0.0, 0.0, -5e-06, 0.0, 0.067098, -0.997746, 0.000946, 0.0, 0.997746, 0.067098, 0.708988, 0.0, 0.0, 0.0, 1.0],
                [1.0, 0.0, 0.0, -5e-06, 0.0, 0.067098, -0.997746, 0.000946, 0.0, 0.997746, 0.067098, 0.707358, 0.0, 0.0, 0.0, 1.0],
                [1.0, 0.0, 0.0, -5e-06, 0.0, 0.067098, -0.997746, 0.000946, 0.0, 0.997746, 0.067098, 0.706036, 0.0, 0.0, 0.0, 1.0],
                [1.0, 0.0, 0.0, -5e-06, 0.0, 0.067098, -0.997746, 0.000946, 0.0, 0.997746, 0.067098, 0.705055, 0.0, 0.0, 0.0, 1.0],
                [1.0, 0.0, 0.0, -5e-06, 0.0, 0.067098, -0.997746, 0.000946, 0.0, 0.997746, 0.067098, 0.704443, 0.0, 0.0, 0.0, 1.0],
                [1.0, 0.0, 0.0, -5e-06, 0.0, 0.067098, -0.997746, 0.000946, 0.0, 0.997746, 0.067098, 0.704232, 0.0, 0.0, 0.0, 1.0],
                [1.0, 0.0, 0.0, -5e-06, 0.0, 0.067098, -0.997746, 0.000946, 0.0, 0.997746, 0.067098, 0.704416, 0.0, 0.0, 0.0, 1.0],
                [1.0, 0.0, 0.0, -5e-06, 0.0, 0.067098, -0.997746, 0.000946, 0.0, 0.997746, 0.067098, 0.704953, 0.0, 0.0, 0.0, 1.0],
                [1.0, 0.0, 0.0, -5e-06, 0.0, 0.067098, -0.997746, 0.000946, 0.0, 0.997746, 0.067098, 0.705826, 0.0, 0.0, 0.0, 1.0],
                [1.0, 0.0, 0.0, -5e-06, 0.0, 0.067098, -0.997746, 0.000946, 0.0, 0.997746, 0.067098, 0.707014, 0.0, 0.0, 0.0, 1.0],
                [1.0, 0.0, 0.0, -5e-06, 0.0, 0.067098, -0.997746, 0.000946, 0.0, 0.997746, 0.067098, 0.7085, 0.0, 0.0, 0.0, 1.0],
                [1.0, 0.0, 0.0, -5e-06, 0.0, 0.067098, -0.997746, 0.000946, 0.0, 0.997746, 0.067098, 0.710264, 0.0, 0.0, 0.0, 1.0],
                [1.0, 0.0, 0.0, -5e-06, 0.0, 0.067098, -0.997746, 0.000946, 0.0, 0.997746, 0.067098, 0.712287, 0.0, 0.0, 0.0, 1.0],
                [1.0, 0.0, 0.0, -5e-06, 0.0, 0.067098, -0.997746, 0.000946, 0.0, 0.997746, 0.067098, 0.714551, 0.0, 0.0, 0.0, 1.0],
                [1.0, 0.0, 0.0, -5e-06, 0.0, 0.067098, -0.997746, 0.000946, 0.0, 0.997746, 0.067098, 0.717035, 0.0, 0.0, 0.0, 1.0],
                [1.0, 0.0, 0.0, -5e-06, 0.0, 0.067098, -0.997746, 0.000946, 0.0, 0.997746, 0.067098, 0.719722, 0.0, 0.0, 0.0, 1.0],
                [1.0, 0.0, 0.0, -5e-06, 0.0, 0.067098, -0.997746, 0.000946, 0.0, 0.997746, 0.067098, 0.72258, 0.0, 0.0, 0.0, 1.0],
                [1.0, 0.0, 0.0, -5e-06, 0.0, 0.067098, -0.997746, 0.000946, 0.0, 0.997746, 0.067098, 0.725529, 0.0, 0.0, 0.0, 1.0],
                [1.0, 0.0, 0.0, -5e-06, 0.0, 0.067098, -0.997746, 0.000946, 0.0, 0.997746, 0.067098, 0.728476, 0.0, 0.0, 0.0, 1.0],
                [1.0, 0.0, 0.0, -5e-06, 0.0, 0.067098, -0.997746, 0.000946, 0.0, 0.997746, 0.067098, 0.73133, 0.0, 0.0, 0.0, 1.0],
                [1.0, 0.0, 0.0, -5e-06, 0.0, 0.067098, -0.997746, 0.000946, 0.0, 0.997746, 0.067098, 0.733998, 0.0, 0.0, 0.0, 1.0],
                [1.0, 0.0, 0.0, -5e-06, 0.0, 0.067098, -0.997746, 0.000946, 0.0, 0.997746, 0.067098, 0.736388, 0.0, 0.0, 0.0, 1.0],
                [1.0, 0.0, 0.0, -5e-06, 0.0, 0.067098, -0.997746, 0.000946, 0.0, 0.997746, 0.067098, 0.738408, 0.0, 0.0, 0.0, 1.0],
                [1.0, 0.0, 0.0, -5e-06, 0.0, 0.067098, -0.997746, 0.000946, 0.0, 0.997746, 0.067098, 0.739964, 0.0, 0.0, 0.0, 1.0],
                [1.0, 0.0, 0.0, -5e-06, 0.0, 0.067098, -0.997746, 0.000946, 0.0, 0.997746, 0.067098, 0.740966, 0.0, 0.0, 0.0, 1.0],
                [1.0, 0.0, 0.0, -5e-06, 0.0, 0.067098, -0.997746, 0.000946, 0.0, 0.997746, 0.067098, 0.74132, 0.0, 0.0, 0.0, 1.0],
                [1.0, 0.0, 0.0, -5e-06, 0.0, 0.067098, -0.997746, 0.000946, 0.0, 0.997746, 0.067098, 0.740683, 0.0, 0.0, 0.0, 1.0],
                [1.0, 0.0, 0.0, -5e-06, 0.0, 0.067098, -0.997746, 0.000946, 0.0, 0.997746, 0.067098, 0.738952, 0.0, 0.0, 0.0, 1.0],
                [1.0, 0.0, 0.0, -5e-06, 0.0, 0.067098, -0.997746, 0.000946, 0.0, 0.997746, 0.067098, 0.736401, 0.0, 0.0, 0.0, 1.0],
                [1.0, 0.0, 0.0, -5e-06, 0.0, 0.067098, -0.997746, 0.000946, 0.0, 0.997746, 0.067098, 0.733303, 0.0, 0.0, 0.0, 1.0],
                [1.0, 0.0, 0.0, -5e-06, 0.0, 0.067098, -0.997746, 0.000946, 0.0, 0.997746, 0.067098, 0.729933, 0.0, 0.0, 0.0, 1.0],
                [1.0, 0.0, 0.0, -5e-06, 0.0, 0.067098, -0.997746, 0.000946, 0.0, 0.997746, 0.067098, 0.726562, 0.0, 0.0, 0.0, 1.0],
                [1.0, 0.0, 0.0, -5e-06, 0.0, 0.067098, -0.997746, 0.000946, 0.0, 0.997746, 0.067098, 0.723464, 0.0, 0.0, 0.0, 1.0],
                [1.0, 0.0, 0.0, -5e-06, 0.0, 0.067098, -0.997746, 0.000946, 0.0, 0.997746, 0.067098, 0.720913, 0.0, 0.0, 0.0, 1.0],
                [1.0, 0.0, 0.0, -5e-06, 0.0, 0.067098, -0.997746, 0.000946, 0.0, 0.997746, 0.067098, 0.719182, 0.0, 0.0, 0.0, 1.0],
                [1.0, 0.0, 0.0, -5e-06, 0.0, 0.067098, -0.997746, 0.000946, 0.0, 0.997746, 0.067098, 0.718545, 0.0, 0.0, 0.0, 1.0]
            ]
        },
        {
            "name": "Thigh_R",
            "time": [0.0, 0.0167, 0.0333, 0.05, 0.0667, 0.0833, 0.1, 0.1167, 0.1333, 0.15, 0.1667, 0.1833, 0.2, 0.2167, 0.2333, 0.25, 0.2667, 0.2833, 0.3, 0.3167, 0.3333, 0.35, 0.3667, 0.3833, 0.4, 0.4167, 0.4333, 0.45, 0.4667, 0.4833, 0.5, 0.5167, 0.5333, 0.55, 0.5667, 0.5833, 0.6, 0.6167, 0.6333, 0.65, 0.6667, 0.6833, 0.7, 0.7167, 0.7333, 0.75, 0.7667, 0.7833, 0.8, 0.8167, 0.8333, 0.85, 0.8667, 0.8833, 0.9, 0.9167, 0.9333, 0.95, 0.9667, 0.9833, 1.0, 1.0167, 1.0333, 1.05, 1.0667, 1.0833, 1.1, 1.1167, 1.1333, 1.15, 1.1667, 1.1833, 1.2, 1.2167, 1.2333, 1.25, 1.2667, 1.2833, 1.3, 1.3167, 1.3333],
            "transform": [
                [1.0, 0.0, 0.0, 0.124994, -0.0, -0.748865, 0.662723, -0.002831, 0.0, -0.662723, -0.748864, -1.2e-05, 0.0, 0.0, 0.0, 1.0],
                [1.0, 0.0, 0.0, 0.124994, -0.0, -0.744671, 0.667431, -0.002831, 0.0, -0.667431, -0.744671, -1.2e-05, 0.0, 0.0, 0.0, 1.0],
                [1.0, 0.0, 0.0, 0.124994, -0.0, -0.734151, 0.678987, -0.002831, 0.0, -0.678987, -0.73415, -1.2e-05, 0.0, 0.0, 0.0, 1.0],
                [1.0, 0.0, 0.0, 0.124994, -0.0, -0.72065, 0.6933, -0.002831, 0.0, -0.6933, -0.720649, -1.2e-05, 0.0, 0.0, 0.0, 1.0],
                [1.0, 0.0, 0.0, 0.124994, -0.0, -0.706923, 0.707291, -0.002831, 0.0, -0.707291, -0.706922, -1.2e-05, 0.0, 0.0, 0.0, 1.0],
                [1.0, 0.0, 0.0, 0.124994, 0.0, -0.694934, 0.719073, -0.002831, 0.0, -0.719073, -0.694934, -1.2e-05, 0.0, 0.0, 0.0, 1.0],
                [1.0, 0.0, 0.0, 0.124994, 0.0, -0.686086, 0.72752, -0.002831, 0.0, -0.72752, -0.686086, -1.2e-05, 0.0, 0.0, 0.0, 1.0],
                [1.0, 0.0, 0.0, 0.124994, 0.0, -0.681432, 0.731881, -0.002831, 0.0, -0.731881, -0.681432, -1.2e-05, 0.0, 0.0, 0.0, 1.0],
                [1.0, 0.0, 0.0, 0.124994, 0.0, -0.681792, 0.731546, -0.002831, 0.0, -0.731546, -0.681791, -1.2e-05, 0.0, 0.0, 0.0, 1.0],
                [1.0, 0.0, 0.0, 0.124994, 0.0, -0.687802, 0.725899, -0.002831, 0.0, -0.725899, -0.687801, -1.2e-05, 0.0, 0.0, 0.0, 1.0],
                [1.0, 0.0, 0.0, 0.124994, 0.0, -0.699934, 0.714208, -0.002831, 0.0, -0.714208, -0.699934, -1.2e-05, 0.0, 0.0, 0.0, 1.0],
                [1.0, 0.0, 0.0, 0.124994, 0.0, -0.719213, 0.69479, -0.002831, 0.0, -0.69479, -0.719212, -1.2e-05, 0.0, 0.0, 0.0, 1.0],
                [1.0, 0.0, 0.0, 0.124994, 0.0, -0.744983, 0.667084, -0.002831, 0.0, -0.667084, -0.744983, -1.2e-05, 0.0, 0.0, 0.0, 1.0],
                [1.0, 0.0, 0.0, 0.124994, 0.0, -0.775197, 0.631719, -0.002831, 0.0, -0.631719, -0.775197, -1.2e-05, 0.0, 0.0, 0.0, 1.0],
                [1.0, 0.0, 0.0, 0.124994, 0.0, -0.807934, 0.589272, -0.002831, 0.0, -0.589273, -0.807934, -1.2e-05, 0.0, 0.0, 0.0, 1.0],
                [1.0, 0.0, 0.0, 0.124994, 0.0, -0.84139, 0.540429, -0.002831, 0.0, -0.540429, -0.841389, -1.2e-05, 0.0, 0.0, 0.0, 1.0],
                [1.0, 0.0, 0.0, 0.124994, 0.0, -0.873875, 0.48615, -0.002831, 0.0, -0.48615, -0.873875, -1.2e-05, 0.0, 0.0, 0.0, 1.0],
                [1.0, 0.0, 0.0, 0.124994, 0.0, -0.903834, 0.427883, -0.002831, 0.0, -0.427883, -0.903834, -1.2e-05, 0.0, 0.0, 0.0, 1.0],
                [1.0, 0.0, 0.0, 0.124994, 0.0, -0.929864, 0.367903, -0.002831, 0.0, -0.367903, -0.929864, -1.2e-05, 0.0, 0.0, 0.0, 1.0],
                [1.0, 0.0, 0.0, 0.124994, 0.0, -0.950793, 0.309828, -0.002831, 0.0, -0.309828, -0.950793, -1.2e-05, 0.0, 0.0, 0.0, 1.0],
                [1.0, 0.0, 0.0, 0.124994, 0.0, -0.965856, 0.259079, -0.002831, 0.0, -0.259079, -0.965856, -1.2e-05, 0.0, 0.0, 0.0, 1.0],
                [1.0, 0.0, 0.0, 0.124994, 0.0, -0.976681, 0.214697, -0.002831, 0.0, -0.214697, -0.97668, -1.2e-05, 0.0, 0.0, 0.0, 1.0],
                [1.0, 0.0, 0.0, 0.124994, 0.0, -0.985229, 0.171244, -0.002831, 0.0, -0.171244, -0.985229, -1.2e-05, 0.0, 0.0, 0.0, 1.0],
                [1.0, 0.0, 0.0, 0.124994, 0.0, -0.9917, 0.128574, -0.002831, 0.0, -0.128574, -0.9917, -1.2e-05, 0.0, 0.0, 0.0, 1.0],
                [1.0, 0.0, 0.0, 0.124994, 0.0, -0.996249, 0.086538, -0.002831, 0.0, -0.086538, -0.996248, -1.2e-05, 0.0, 0.0, 0.0, 1.0],
                [1.0, 0.0, 0.0, 0.124994, 0.0, -0.998985, 0.045041, -0.002831, 0.0, -0.045041, -0.998985, -1.2e-05, 0.0, 0.0, 0.0, 1.0],
                [1.0, 0.0, 0.0, 0.124994, 0.0, -0.999992, 0.00395, -0.002831, 0.0, -0.00395, -0.999992, -1.2e-05, 0.0, 0.0, 0.0, 1.0],
                [1.0, 0.0, 0.0, 0.124994, 0.0, -0.999335, -0.036474, -0.002831, 0.0, 0.036474, -0.999335, -1.2e-05, 0.0, 0.0, 0.0, 1.0],
                [1.0, -0.0, 0.0, 0.124994, 0.0, -0.997096, -0.076152, -0.002831, 0.0, 0.076152, -0.997096, -1.2e-05, 0.0, 0.0, 0.0, 1.0],
                [1.0, -0.0, 0.0, 0.124994, 0.0, -0.99338, -0.114871, -0.002831, 0.0, 0.114871, -0.99338, -1.2e-05, 0.0, 0.0, 0.0, 1.0],
                [1.0, -0.0, 0.0, 0.124994, 0.0, -0.988379, -0.152008, -0.002831, 0.0, 0.152008, -0.988379, -1.2e-05, 0.0, 0.0, 0.0, 1.0],
                [1.0, -0.0, 0.0, 0.124994, 0.0, -0.983034, -0.183421, -0.002831, 0.0, 0.183421, -0.983034, -1.2e-05, 0.0, 0.0, 0.0, 1.0],
                [1.0, -0.0, 0.0, 0.124994, 0.0, -0.978807, -0.204787, -0.002831, 0.0, 0.204787, -0.978806, -1.2e-05, 0.0, 0.0, 0.0, 1.0],
                [1.0, -0.0, 0.0, 0.124994, 0.0, -0.976283, -0.216498, -0.002831, 0.0, 0.216498, -0.976283, -1.2e-05, 0.0, 0.0, 0.0, 1.0],
                [1.0, 0.0, 0.0, 0.124994, 0.0, -0.975443, -0.22025, -0.002831, 0.0, 0.22025, -0.975443, -1.2e-05, 0.0, 0.0, 0.0, 1.0],
                [1.0, 0.0, 0.0, 0.124994, 0.0, -0.976084, -0.217395, -0.002831, 0.0, 0.217395, -0.976084, -1.2e-05, 0.0, 0.0, 0.0, 1.0],
                [1.0, 0.0, 0.0, 0.124994, 0.0, -0.97789, -0.209121, -0.002831, 0.0, 0.209121, -0.97789, -1.2e-05, 0.0, 0.0, 0.0, 1.0],
                [1.0, 0.0, 0.0, 0.124994, 0.0, -0.980611, -0.195963, -0.002831, 0.0, 0.195963, -0.980611, -1.2e-05, 0.0, 0.0, 0.0, 1.0],
                [1.0, 0.0, 0.0, 0.124994, 0.0, -0.983992, -0.178213, -0.002831, 0.0, 0.178213, -0.983992, -1.2e-05, 0.0, 0.0, 0.0, 1.0],
                [1.0, 0.0, 0.0, 0.124994, 0.0, -0.987766, -0.155941, -0.002831, 0.0, 0.155941, -0.987766, -1.2e-05, 0.0, 0.0, 0.0, 1.0],
                [1.0, 0.0, 0.0, 0.124994, 0.0, -0.991634, -0.129083, -0.002831, 0.0, 0.129082, -0.991634, -1.2e-05, 0.0, 0.0, 0.0, 1.0],
                [1.0, 0.0, 0.0, 0.124994, 0.0, -0.995188, -0.097987, -0.002831, 0.0, 0.097987, -0.995187, -1.2e-05, 0.0, 0.0, 0.0, 1.0],
                [1.0, 0.0, 0.0, 0.124994, 0.0, -0.997961, -0.063826, -0.002831, 0.0, 0.063826, -0.997961, -1.2e-05, 0.0, 0.0, 0.0, 1.0],
                [1.0, 0.0, 0.0, 0.124994, 0.0, -0.999622, -0.027503, -0.002831, 0.0, 0.027503, -0.999621, -1.2e-05, 0.0, 0.0, 0.0, 1.0],
                [1.0, 0.0, 0.0, 0.124994, 0.0, -0.999947, 0.010254, -0.002831, 0.0, -0.010255, -0.999947, -1.2e-05, 0.0, 0.0, 0.0, 1.0],
                [1.0, 0.0, 0.0, 0.124994, 0.0, -0.998808, 0.048811, -0.002831, 0.0, -0.048811, -0.998808, -1.2e-05, 0.0, 0.0, 0.0, 1.0],
                [1.0, 0.0, 0.0, 0.124994, 0.0, -0.996158, 0.087573, -0.002831, 0.0, -0.087573, -0.996158, -1.2e-05, 0.0, 0.0, 0.0, 1.0],
                [1.0, 0.0, 0.0, 0.124994, 0.0, -0.992037, 0.12595, -0.002831, 0.0, -0.12595, -0.992036, -1.2e-05, 0.0, 0.0, 0.0, 1.0],
                [1.0, 0.0, 0.0, 0.124994, 0.0, -0.986573, 0.163322, -0.002831, 0.0, -0.163322, -0.986573, -1.2e-05, 0.0, 0.0, 0.0, 1.0],
                [1.0, 0.0, 0.0, 0.124994, 0.0, -0.979996, 0.199018, -0.002831, 0.0, -0.199018, -0.979995, -1.2e-05, 0.0, 0.0, 0.0, 1.0],
                [1.0, 0.0, 0.0, 0.124994, 0.0, -0.972644, 0.232301, -0.002831, 0.0, -0.232301, -0.972643, -1.2e-05, 0.0, 0.0, 0.0, 1.0],
                [1.0, 0.0, 0.0, 0.124994, 0.0, -0.964646, 0.263549, -0.002831, 0.0, -0.263549, -0.964646, -1.2e-05, 0.0, 0.0, 0.0, 1.0],
                [1.0, 0.0, 0.0, 0.124994, 0.0, -0.955831, 0.293918, -0.002831, 0.0, -0.293918, -0.955831, -1.2e-05, 0.0, 0.0, 0.0, 1.0],
                [1.0, 0.0, 0.0, 0.124994, 0.0, -0.946146, 0.323741, -0.002831, 0.0, -0.323741, -0.946145, -1.2e-05, 0.0, 0.0, 0.0, 1.0],
                [1.0, 1e-06, 0.0, 0.124994, 0.0, -0.935506, 0.353313, -0.002831, 0.0, -0.353313, -0.935505, -1.2e-05, 0.0, 0.0, 0.0, 1.0],
                [1.0, 1e-06, 0.0, 0.124994, 0.0, -0.923797, 0.382883, -0.002831, 0.0, -0.382883, -0.923796, -1.2e-05, 0.0, 0.0, 0.0, 1.0],
                [1.0, 1e-06, 0.0, 0.124994, 0.0, -0.910886, 0.412658, -0.002831, 0.0, -0.412658, -0.910886, -1.2e-05, 0.0, 0.0, 0.0, 1.0],
                [1.0, 1e-06, 0.0, 0.124994, 0.0, -0.896626, 0.442789, -0.002831, 0.0, -0.442789, -0.896625, -1.2e-05, 0.0, 0.0, 0.0, 1.0],
                [1.0, 1e-06, 0.0, 0.124994, 0.0, -0.880861, 0.473375, -0.002831, 0.0, -0.473375, -0.880861, -1.2e-05, 0.0, 0.0, 0.0, 1.0],
                [1.0, 1e-06, 0.0, 0.124994, 0.0, -0.863444, 0.504446, -0.002831, 0.0, -0.504446, -0.863443, -1.2e-05, 0.0, 0.0, 0.0, 1.0],
                [1.0, 1e-06, 0.0, 0.124994, 0.0, -0.844242, 0.535962, -0.002831, 0.0, -0.535962, -0.844241, -1.2e-05, 0.0, 0.0, 0.0, 1.0],
                [1.0, 1e-06, 0.0, 0.124994, 0.0, -0.823218, 0.567725, -0.002831, 0.0, -0.567725, -0.823218, -1.2e-05, 0.0, 0.0, 0.0, 1.0],
                [1.0, 1e-06, 0.0, 0.124994, 0.0, -0.800623, 0.599168, -0.002831, 0.0, -0.599168, -0.800623, -1.2e-05, 0.0, 0.0, 0.0, 1.0],
                [1.0, 1e-06, 0.0, 0.124994, 0.0, -0.776874, 0.629657, -0.002831, 0.0, -0.629656, -0.776874, -1.2e-05, 0.0, 0.0, 0.0, 1.0],
                [1.0, 1e-06, 0.0, 0.124994, 0.0, -0.752506, 0.658585, -0.002831, 0.0, -0.658585, -0.752506, -1.2e-05, 0.0, 0.0, 0.0, 1.0],
                [1.0, 1e-06, 0.0, 0.124994, 0.0, -0.728167, 0.6854, -0.002831, 0.0, -0.6854, -0.728166, -1.2e-05, 0.0, 0.0, 0.0, 1.0],
                [1.0, 1e-06, 0.0, 0.124994, 0.0, -0.7046, 0.709605, -0.002831, 0.0, -0.709605, -0.7046, -1.2e-05, 0.0, 0.0, 0.0, 1.0],
                [1.0, 1e-06, 0.0, 0.124994, 0.0, -0.68263, 0.730764, -0.002831, 0.0, -0.730764, -0.682629, -1.2e-05, 0.0, 0.0, 0.0, 1.0],
                [1.0, 0.0, 0.0, 0.124994, 0.0, -0.663138, 0.748497, -0.002831, 0.0, -0.748497, -0.663138, -1.2e-05, 0.0, 0.0, 0.0, 1.0],
                [1.0, 0.0, 0.0, 0.124994, 0.0, -0.64705, 0.762448, -0.002831, 0.0, -0.762448, -0.647049, -1.2e-05, 0.0, 0.0, 0.0, 1.0],
                [1.0, 0.0, 0.0, 0.124994, 0.0, -0.635326, 0.772244, -0.002831, 0.0, -0.772244, -0.635326, -1.2e-05, 0.0, 0.0, 0.0, 1.0],
                [1.0, 0.0, 0.0, 0.124994, 0.0, -0.628312, 0.777961, -0.002831, 0.0, -0.777962, -0.628312, -1.2e-05, 0.0, 0.0, 0.0, 1.0],
                [1.0, 0.0, 0.0, 0.124994, 0.0, -0.626215, 0.779651, -0.002831, 0.0, -0.779651, -0.626214, -1.2e-05, 0.0, 0.0, 0.0, 1.0],
                [1.0, 0.0, 0.0, 0.124994, 0.0, -0.629558, 0.776954, -0.002831, 0.0, -0.776954, -0.629557, -1.2e-05, 0.0, 0.0, 0.0, 1.0],
                [1.0, 0.0, 0.0, 0.124994, 0.0, -0.638476, 0.769642, -0.002831, 0.0, -0.769642, -0.638475, -1.2e-05, 0.0, 0.0, 0.0, 1.0],
                [1.0, 0.0, -0.0, 0.124994, 0.0, -0.652679, 0.757634, -0.002831, 0.0, -0.757634, -0.652679, -1.2e-05, 0.0, 0.0, 0.0, 1.0],
                [1.0, 0.0, -0.0, 0.124994, 0.0, -0.671374, 0.741119, -0.002831, 0.0, -0.741119, -0.671374, -1.2e-05, 0.0, 0.0, 0.0, 1.0],
                [1.0, 0.0, -0.0, 0.124994, 0.0, -0.693075, 0.720866, -0.002831, 0.0, -0.720866, -0.693075, -1.2e-05, 0.0, 0.0, 0.0, 1.0],
                [1.0, 0.0, -0.0, 0.124994, 0.0, -0.715176, 0.698945, -0.002831, -0.0, -0.698945, -0.715175, -1.2e-05, 0.0, 0.0, 0.0, 1.0],
                [1.0, 0.0, -0.0, 0.124994, 0.0, -0.733178, 0.680037, -0.002831, -0.0, -0.680037, -0.733178, -1.2e-05, 0.0, 0.0, 0.0, 1.0],
                [1.0, 0.0, -0.0, 0.124994, 0.0, -0.740558, 0.671992, -0.002831, -0.0, -0.671993, -0.740558, -1.2e-05, 0.0, 0.0, 0.0, 1.0]
            ]
        },
        {
            "name": "Leg_R",
            "time": [0.0, 0.0167, 0.0333, 0.05, 0.0667, 0.0833, 0.1, 0.1167, 0.1333, 0.15, 0.1667, 0.1833, 0.2, 0.2167, 0.2333, 0.25, 0.2667, 0.2833, 0.3, 0.3167, 0.3333, 0.35, 0.3667, 0.3833, 0.4, 0.4167, 0.4333, 0.45, 0.4667, 0.4833, 0.5, 0.5167, 0.5333, 0.55, 0.5667, 0.5833, 0.6, 0.6167, 0.6333, 0.65, 0.6667, 0.6833, 0.7, 0.7167, 0.7333, 0.75, 0.7667, 0.7833, 0.8, 0.8167, 0.8333, 0.85, 0.8667, 0.8833, 0.9, 0.9167, 0.9333, 0.95, 0.9667, 0.9833, 1.0, 1.0167, 1.0333, 1.05, 1.0667, 1.0833, 1.1, 1.1167, 1.1333, 1.15, 1.1667, 1.1833, 1.2, 1.2167, 1.2333, 1.25, 1.2667, 1.2833, 1.3, 1.3167, 1.3333],
            "transform": [
                [1.0, -0.0, 1e-06, 0.0, -0.0, 0.947134, 0.320835, 0.374726, -1e-06, -0.320835, 0.947135, -0.0, 0.0, 0.0, 0.0, 1.0],
                [1.0, -0.0, 1e-06, 0.0, -0.0, 0.942058, 0.335446, 0.374726, -1e-06, -0.335446, 0.94206, -0.0, 0.0, 0.0, 0.0, 1.0],
                [1.0, -0.0, 1e-06, -0.0, -0.0, 0.927955, 0.372691, 0.374726, -1e-06, -0.372691, 0.927956, 0.0, 0.0, 0.0, 0.0, 1.0],
                [1.0, -0.0, 1e-06, -0.0, -0.0, 0.906618, 0.42195, 0.374726, -1e-06, -0.42195, 0.906619, -0.0, 0.0, 0.0, 0.0, 1.0],
                [1.0, -0.0, 1e-06, 0.0, -0.0, 0.879973, 0.475022, 0.374726, -1e-06, -0.475022, 0.879974, 0.0, 0.0, 0.0, 0.0, 1.0],
                [1.0, -0.0, 1e-06, 0.0, -0.0, 0.850021, 0.526748, 0.374726, -1e-06, -0.526748, 0.850021, -0.0, 0.0, 0.0, 0.0, 1.0],
                [1.0, -0.0, 1e-06, 0.0, -0.0, 0.818801, 0.574077, 0.374726, -1e-06, -0.574077, 0.818802, -0.0, 0.0, 0.0, 0.0, 1.0],
                [1.0, -0.0, 1e-06, -0.0, -0.0, 0.788384, 0.615183, 0.374726, -1e-06, -0.615183, 0.788385, 0.0, 0.0, 0.0, 0.0, 1.0],
                [1.0, -0.0, 1e-06, -0.0, -0.0, 0.760859, 0.648916, 0.374726, -1e-06, -0.648916, 0.76086, -0.0, 0.0, 0.0, 0.0, 1.0],
                [1.0, -1e-06, 1e-06, -0.0, -0.0, 0.738328, 0.674441, 0.374726, -1e-06, -0.674441, 0.738329, 0.0, 0.0, 0.0, 0.0, 1.0],
                [1.0, -1e-06, 1e-06, 0.0, -0.0, 0.722908, 0.690943, 0.374726, -1e-06, -0.690943, 0.722909, -0.0, 0.0, 0.0, 0.0, 1.0],
                [1.0, -1e-06, 1e-06, 0.0, -0.0, 0.717986, 0.696057, 0.374726, -1e-06, -0.696056, 0.717987, 0.0, 0.0, 0.0, 0.0, 1.0],
                [1.0, -1e-06, 1e-06, 0.0, -0.0, 0.72435, 0.689432, 0.374726, -1e-06, -0.689432, 0.72435, 0.0, 0.0, 0.0, 0.0, 1.0],
                [1.0, -0.0, 1e-06, -0.0, -0.0, 0.740161, 0.672428, 0.374726, -1e-06, -0.672429, 0.740162, -0.0, 0.0, 0.0, 0.0, 1.0],
                [1.0, -0.0, 1e-06, -0.0, -0.0, 0.763429, 0.645891, 0.374726, -1e-06, -0.645891, 0.76343, -0.0, 0.0, 0.0, 0.0, 1.0],
                [1.0, -0.0, 1e-06, -0.0, -0.0, 0.791956, 0.610578, 0.374726, -1e-06, -0.610578, 0.791956, -0.0, 0.0, 0.0, 0.0, 1.0],
                [1.0, -0.0, 1e-06, 0.0, -0.0, 0.823307, 0.567596, 0.374726, -1e-06, -0.567596, 0.823307, -0.0, 0.0, 0.0, 0.0, 1.0],
                [1.0, -0.0, 1e-06, 0.0, -0.0, 0.854812, 0.518937, 0.374726, -1e-06, -0.518937, 0.854813, 0.0, 0.0, 0.0, 0.0, 1.0],
                [1.0, -0.0, 1e-06, 0.0, -0.0, 0.883581, 0.468276, 0.374726, -1e-06, -0.468276, 0.883582, 0.0, 0.0, 0.0, 0.0, 1.0],
                [1.0, -0.0, 1e-06, -0.0, -0.0, 0.906557, 0.422082, 0.374726, -1e-06, -0.422082, 0.906558, -0.0, 0.0, 0.0, 0.0, 1.0],
                [1.0, -0.0, 1e-06, -0.0, -0.0, 0.920578, 0.390556, 0.374726, -1e-06, -0.390555, 0.92058, 0.0, 0.0, 0.0, 0.0, 1.0],
                [1.0, -0.0, 1e-06, -0.0, -0.0, 0.928305, 0.371817, 0.374726, -1e-06, -0.371817, 0.928306, 0.0, 0.0, 0.0, 0.0, 1.0],
                [1.0, -0.0, 1e-06, -0.0, -0.0, 0.934791, 0.355195, 0.374726, -1e-06, -0.355195, 0.934793, -0.0, 0.0, 0.0, 0.0, 1.0],
                [1.0, -0.0, 1e-06, -0.0, -0.0, 0.94041, 0.340041, 0.374726, -1e-06, -0.340041, 0.940411, -0.0, 0.0, 0.0, 0.0, 1.0],
                [1.0, -0.0, 1e-06, 0.0, -0.0, 0.945478, 0.325684, 0.374726, -1e-06, -0.325684, 0.945479, -0.0, 0.0, 0.0, 0.0, 1.0],
                [1.0, -0.0, 1e-06, 0.0, -0.0, 0.950228, 0.311552, 0.374726, -1e-06, -0.311552, 0.950229, -0.0, 0.0, 0.0, 0.0, 1.0],
                [1.0, -0.0, 1e-06, -0.0, -0.0, 0.954884, 0.296978, 0.374726, -1e-06, -0.296978, 0.954884, 0.0, 0.0, 0.0, 0.0, 1.0],
                [1.0, -0.0, 1e-06, -0.0, -0.0, 0.959402, 0.282042, 0.374726, -1e-06, -0.282042, 0.959402, 0.0, 0.0, 0.0, 0.0, 1.0],
                [1.0, -0.0, 1e-06, -0.0, -0.0, 0.963843, 0.26647, 0.374726, -1e-06, -0.26647, 0.963843, 0.0, 0.0, 0.0, 0.0, 1.0],
                [1.0, -0.0, 1e-06, -0.0, -0.0, 0.96818, 0.250252, 0.374726, -1e-06, -0.250252, 0.968181, -0.0, 0.0, 0.0, 0.0, 1.0],
                [1.0, -0.0, 1e-06, 0.0, -0.0, 0.972188, 0.234199, 0.374726, -1e-06, -0.234198, 0.97219, -0.0, 0.0, 0.0, 0.0, 1.0],
                [1.0, -0.0, 1e-06, -0.0, -0.0, 0.974021, 0.226454, 0.374726, -1e-06, -0.226455, 0.974022, -0.0, 0.0, 0.0, 0.0, 1.0],
                [1.0, -0.0, 1e-06, -0.0, -0.0, 0.971805, 0.235784, 0.374726, -1e-06, -0.235784, 0.971806, 0.0, 0.0, 0.0, 0.0, 1.0],
                [1.0, -0.0, 1e-06, 0.0, -0.0, 0.96528, 0.261217, 0.374726, -1e-06, -0.261217, 0.96528, -0.0, 0.0, 0.0, 0.0, 1.0],
                [1.0, -0.0, 1e-06, 0.0, -0.0, 0.95428, 0.298914, 0.374726, -1e-06, -0.298914, 0.95428, 0.0, 0.0, 0.0, 0.0, 1.0],
                [1.0, -0.0, 1e-06, 0.0, -0.0, 0.938421, 0.345492, 0.374726, -1e-06, -0.345492, 0.938422, -0.0, 0.0, 0.0, 0.0, 1.0],
                [1.0, -0.0, 1e-06, -0.0, -0.0, 0.917487, 0.397764, 0.374726, -1e-06, -0.397764, 0.917488, 0.0, 0.0, 0.0, 0.0, 1.0],
                [1.0, -0.0, 1e-06, 0.0, -0.0, 0.891142, 0.453723, 0.374726, -1e-06, -0.453723, 0.891142, -0.0, 0.0, 0.0, 0.0, 1.0],
                [1.0, -0.0, 1e-06, -0.0, -0.0, 0.859132, 0.511752, 0.374726, -1e-06, -0.511752, 0.859133, -0.0, 0.0, 0.0, 0.0, 1.0],
                [1.0, -0.0, 1e-06, -0.0, -0.0, 0.821252, 0.570564, 0.374726, -1e-06, -0.570564, 0.821253, 0.0, 0.0, 0.0, 0.0, 1.0],
                [1.0, -0.0, 1e-06, -0.0, -0.0, 0.777369, 0.629044, 0.374726, -1e-06, -0.629044, 0.77737, 0.0, 0.0, 0.0, 0.0, 1.0],
                [1.0, -1e-06, 1e-06, -0.0, -0.0, 0.72791, 0.685672, 0.374726, -1e-06, -0.685672, 0.72791, -0.0, 0.0, 0.0, 0.0, 1.0],
                [1.0, -1e-06, 1e-06, -0.0, -0.0, 0.674397, 0.738368, 0.374726, -1e-06, -0.738368, 0.674397, 0.0, 0.0, 0.0, 0.0, 1.0],
                [1.0, -1e-06, 1e-06, -0.0, -0.0, 0.618448, 0.785825, 0.374726, -1e-06, -0.785825, 0.618449, -0.0, 0.0, 0.0, 0.0, 1.0],
                [1.0, -1e-06, 1e-06, 0.0, -0.0, 0.561686, 0.82735, 0.374726, -1e-06, -0.827351, 0.561686, 0.0, 0.0, 0.0, 0.0, 1.0],
                [1.0, -1e-06, 1e-06, 0.0, -0.0, 0.505711, 0.862702, 0.374726, -1e-06, -0.862702, 0.505712, -0.0, 0.0, 0.0, 0.0, 1.0],
                [1.0, -1e-06, 1e-06, 0.0, -0.0, 0.452082, 0.891976, 0.374726, -1e-06, -0.891976, 0.452082, 0.0, 0.0, 0.0, 0.0, 1.0],
                [1.0, -1e-06, 1e-06, -0.0, -0.0, 0.402296, 0.91551, 0.374726, -1e-06, -0.91551, 0.402296, 0.0, 0.0, 0.0, 0.0, 1.0],
                [1.0, -1e-06, 1e-06, -0.0, -0.0, 0.357785, 0.933803, 0.374726, -1e-06, -0.933804, 0.357785, -0.0, 0.0, 0.0, 0.0, 1.0],
                [1.0, -1e-06, 0.0, -0.0, -0.0, 0.319923, 0.947444, 0.374726, -1e-06, -0.947444, 0.319923, 0.0, 0.0, 0.0, 0.0, 1.0],
                [1.0, -1e-06, 0.0, -0.0, -0.0, 0.290027, 0.957018, 0.374726, -1e-06, -0.957018, 0.290027, -0.0, 0.0, 0.0, 0.0, 1.0],
                [1.0, -1e-06, 0.0, -0.0, -0.0, 0.265988, 0.963976, 0.374726, -1e-06, -0.963976, 0.265988, 0.0, 0.0, 0.0, 0.0, 1.0],
                [1.0, -1e-06, 0.0, -0.0, -0.0, 0.244615, 0.96962, 0.374726, -1e-06, -0.96962, 0.244615, 0.0, 0.0, 0.0, 0.0, 1.0],
                [1.0, -1e-06, 0.0, -0.0, -0.0, 0.225626, 0.974214, 0.374726, -1e-06, -0.974214, 0.225626, 0.0, 0.0, 0.0, 0.0, 1.0],
                [1.0, -1e-06, 0.0, -0.0, -0.0, 0.208799, 0.977958, 0.374726, -1e-06, -0.977958, 0.2088, 0.0, 0.0, 0.0, 0.0, 1.0],
                [1.0, -1e-06, 0.0, 0.0, -0.0, 0.19398, 0.981005, 0.374726, -1e-06, -0.981005, 0.193981, -0.0, 0.0, 0.0, 0.0, 1.0],
                [1.0, -1e-06, 0.0, -0.0, -0.0, 0.181083, 0.983467, 0.374726, -1e-06, -0.983468, 0.181083, 0.0, 0.0, 0.0, 0.0, 1.0],
                [1.0, -1e-06, 0.0, 0.0, -0.0, 0.170096, 0.985427, 0.374726, -1e-06, -0.985427, 0.170097, 0.0, 0.0, 0.0, 0.0, 1.0],
                [1.0, -1e-06, 0.0, 0.0, -0.0, 0.161095, 0.986938, 0.374726, -1e-06, -0.986939, 0.161095, 0.0, 0.0, 0.0, 0.0, 1.0],
                [1.0, -1e-06, 0.0, 0.0, -0.0, 0.154245, 0.988032, 0.374726, -1e-06, -0.988033, 0.154246, 0.0, 0.0, 0.0, 0.0, 1.0],
                [1.0, -1e-06, 0.0, -0.0, -0.0, 0.14982, 0.988713, 0.374726, -1e-06, -0.988714, 0.14982, 0.0, 0.0, 0.0, 0.0, 1.0],
                [1.0, -1e-06, 0.0, -0.0, -0.0, 0.148258, 0.988948, 0.374726, -1e-06, -0.988949, 0.148258, 0.0, 0.0, 0.0, 0.0, 1.0],
                [1.0, -1e-06, 0.0, -0.0, -0.0, 0.150283, 0.988642, 0.374726, -1e-06, -0.988643, 0.150284, 0.0, 0.0, 0.0, 0.0, 1.0],
                [1.0, -1e-06, 0.0, -0.0, -0.0, 0.156668, 0.987651, 0.374726, -1e-06, -0.987651, 0.156668, -0.0, 0.0, 0.0, 0.0, 1.0],
                [1.0, -1e-06, 0.0, -0.0, -0.0, 0.168158, 0.98576, 0.374726, -1e-06, -0.98576, 0.168157, 0.0, 0.0, 0.0, 0.0, 1.0],
                [1.0, -1e-06, 0.0, 0.0, -0.0, 0.185468, 0.98265, 0.374726, -1e-06, -0.98265, 0.185468, -0.0, 0.0, 0.0, 0.0, 1.0],
                [1.0, -1e-06, 0.0, -0.0, -0.0, 0.209275, 0.977856, 0.374726, -1e-06, -0.977857, 0.209275, 0.0, 0.0, 0.0, 0.0, 1.0],
                [1.0, -1e-06, 0.0, 0.0, -0.0, 0.240209, 0.970721, 0.374726, -1e-06, -0.970721, 0.240209, -0.0, 0.0, 0.0, 0.0, 1.0],
                [1.0, -1e-06, 0.0, 0.0, -0.0, 0.278848, 0.960335, 0.374726, -1e-06, -0.960335, 0.278848, -0.0, 0.0, 0.0, 0.0, 1.0],
                [1.0, -1e-06, 0.0, -0.0, -0.0, 0.325714, 0.945468, 0.374726, -1e-06, -0.945468, 0.325715, -0.0, 0.0, 0.0, 0.0, 1.0],
                [1.0, -1e-06, 1e-06, -0.0, -0.0, 0.381269, 0.924464, 0.374726, -1e-06, -0.924464, 0.381269, 0.0, 0.0, 0.0, 0.0, 1.0],
                [1.0, -1e-06, 1e-06, -0.0, -0.0, 0.444327, 0.895864, 0.374726, -1e-06, -0.895864, 0.444327, -0.0, 0.0, 0.0, 0.0, 1.0],
                [1.0, -1e-06, 1e-06, 0.0, -0.0, 0.512572, 0.858644, 0.374726, -1e-06, -0.858644, 0.512572, 0.0, 0.0, 0.0, 0.0, 1.0],
                [1.0, -1e-06, 1e-06, 0.0, -0.0, 0.58425, 0.811573, 0.374726, -1e-06, -0.811573, 0.584251, -0.0, 0.0, 0.0, 0.0, 1.0],
                [1.0, -1e-06, 1e-06, -0.0, -0.0, 0.657026, 0.753868, 0.374726, -1e-06, -0.753868, 0.657026, 0.0, 0.0, 0.0, 0.0, 1.0],
                [1.0, -1e-06, 1e-06, 0.0, -0.0, 0.728045, 0.685528, 0.374726, -1e-06, -0.685528, 0.728046, 0.0, 0.0, 0.0, 0.0, 1.0],
                [1.0, -0.0, 1e-06, -0.0, -0.0, 0.794041, 0.607864, 0.374726, -1e-06, -0.607864, 0.794042, -0.0, 0.0, 0.0, 0.0, 1.0],
                [1.0, -0.0, 1e-06, -0.0, -0.0, 0.851463, 0.524414, 0.374726, -1e-06, -0.524414, 0.851463, -0.0, 0.0, 0.0, 0.0, 1.0],
                [1.0, -0.0, 1e-06, 0.0, -0.0, 0.896653, 0.442732, 0.374726, -1e-06, -0.442732, 0.896654, -0.0, 0.0, 0.0, 0.0, 1.0],
                [1.0, -0.0, 1e-06, 0.0, -0.0, 0.926055, 0.377386, 0.374726, -1e-06, -0.377386, 0.926056, 0.0, 0.0, 0.0, 0.0, 1.0],
                [1.0, -0.0, 1e-06, -0.0, -0.0, 0.936466, 0.350755, 0.374726, -1e-06, -0.350755, 0.936468, 0.0, 0.0, 0.0, 0.0, 1.0]
            ]
        },
        {
            "name": "Knee_R",
            "time": [0.0, 1.3333],
            "transform": [
                [1.0, 0.0, -0.0, 0.0, -0.0, 0.00567, -0.999984, 0.374726, -0.0, 0.999984, 0.00567, 0.0, 0.0, 0.0, 0.0, 1.0],
                [1.0, 0.0, -0.0, -0.0, -0.0, 0.00567, -0.999984, 0.374726, -0.0, 0.999984, 0.00567, -0.0, 0.0, 0.0, 0.0, 1.0]
            ]
        },
        {
            "name": "Thigh_L",
            "time": [0.0, 0.0167, 0.0333, 0.05, 0.0667, 0.0833, 0.1, 0.1167, 0.1333, 0.15, 0.1667, 0.1833, 0.2, 0.2167, 0.2333, 0.25, 0.2667, 0.2833, 0.3, 0.3167, 0.3333, 0.35, 0.3667, 0.3833, 0.4, 0.4167, 0.4333, 0.45, 0.4667, 0.4833, 0.5, 0.5167, 0.5333, 0.55, 0.5667, 0.5833, 0.6, 0.6167, 0.6333, 0.65, 0.6667, 0.6833, 0.7, 0.7167, 0.7333, 0.75, 0.7667, 0.7833, 0.8, 0.8167, 0.8333, 0.85, 0.8667, 0.8833, 0.9, 0.9167, 0.9333, 0.95, 0.9667, 0.9833, 1.0, 1.0167, 1.0333, 1.05, 1.0667, 1.0833, 1.1, 1.1167, 1.1333, 1.15, 1.1667, 1.1833, 1.2, 1.2167, 1.2333, 1.25, 1.2667, 1.2833, 1.3, 1.3167, 1.3333],
            "transform": [
                [1.0, 0.0, 0.0, -0.125006, 0.0, -0.928533, -0.371251, -0.002831, 0.0, 0.371251, -0.928532, -1.2e-05, 0.0, 0.0, 0.0, 1.0],
                [1.0, 0.0, 0.0, -0.125006, 0.0, -0.930528, -0.366221, -0.002831, 0.0, 0.366221, -0.930528, -1.2e-05, 0.0, 0.0, 0.0, 1.0],
                [1.0, 0.0, 0.0, -0.125006, 0.0, -0.935997, -0.352007, -0.002831, 0.0, 0.352007, -0.935997, -1.2e-05, 0.0, 0.0, 0.0, 1.0],
                [1.0, 0.0, 0.0, -0.125006, 0.0, -0.943775, -0.330588, -0.002831, 0.0, 0.330588, -0.943775, -1.2e-05, 0.0, 0.0, 0.0, 1.0],
                [1.0, 0.0, 0.0, -0.125006, 0.0, -0.952722, -0.303843, -0.002831, 0.0, 0.303843, -0.952722, -1.2e-05, 0.0, 0.0, 0.0, 1.0],
                [1.0, 0.0, 0.0, -0.125006, 0.0, -0.962012, -0.273007, -0.002831, 0.0, 0.273007, -0.962012, -1.2e-05, 0.0, 0.0, 0.0, 1.0],
                [1.0, 0.0, 0.0, -0.125006, 0.0, -0.971093, -0.238701, -0.002831, 0.0, 0.238701, -0.971093, -1.2e-05, 0.0, 0.0, 0.0, 1.0],
                [1.0, 0.0, 0.0, -0.125006, 0.0, -0.979568, -0.201112, -0.002831, 0.0, 0.201111, -0.979568, -1.2e-05, 0.0, 0.0, 0.0, 1.0],
                [1.0, 0.0, 0.0, -0.125006, 0.0, -0.987095, -0.160138, -0.002831, 0.0, 0.160138, -0.987094, -1.2e-05, 0.0, 0.0, 0.0, 1.0],
                [1.0, 0.0, 0.0, -0.125006, 0.0, -0.993307, -0.115502, -0.002831, 0.0, 0.115502, -0.993307, -1.2e-05, 0.0, 0.0, 0.0, 1.0],
                [1.0, 0.0, 0.0, -0.125006, 0.0, -0.997766, -0.066815, -0.002831, 0.0, 0.066815, -0.997765, -1.2e-05, 0.0, 0.0, 0.0, 1.0],
                [1.0, 0.0, 0.0, -0.125006, 0.0, -0.999914, -0.013122, -0.002831, 0.0, 0.013122, -0.999914, -1.2e-05, 0.0, 0.0, 0.0, 1.0],
                [1.0, 0.0, 0.0, -0.125006, 0.0, -0.998968, 0.045425, -0.002831, 0.0, -0.045425, -0.998967, -1.2e-05, 0.0, 0.0, 0.0, 1.0],
                [1.0, 0.0, 0.0, -0.125006, 0.0, -0.994197, 0.107575, -0.002831, 0.0, -0.107575, -0.994197, -1.2e-05, 0.0, 0.0, 0.0, 1.0],
                [1.0, 0.0, 0.0, -0.125006, 0.0, -0.985091, 0.172035, -0.002831, 0.0, -0.172035, -0.985091, -1.2e-05, 0.0, 0.0, 0.0, 1.0],
                [1.0, 0.0, 0.0, -0.125006, 0.0, -0.971399, 0.237453, -0.002831, 0.0, -0.237453, -0.971399, -1.2e-05, 0.0, 0.0, 0.0, 1.0],
                [1.0, 0.0, 0.0, -0.125006, 0.0, -0.953168, 0.302442, -0.002831, 0.0, -0.302442, -0.953168, -1.2e-05, 0.0, 0.0, 0.0, 1.0],
                [1.0, 1e-06, 0.0, -0.125006, 0.0, -0.930767, 0.365613, -0.002831, 0.0, -0.365613, -0.930767, -1.2e-05, 0.0, 0.0, 0.0, 1.0],
                [1.0, 1e-06, 0.0, -0.125006, 0.0, -0.904891, 0.425643, -0.002831, 0.0, -0.425643, -0.904891, -1.2e-05, 0.0, 0.0, 0.0, 1.0],
                [1.0, 1e-06, 0.0, -0.125006, 0.0, -0.87653, 0.481347, -0.002831, 0.0, -0.481347, -0.87653, -1.2e-05, 0.0, 0.0, 0.0, 1.0],
                [1.0, 1e-06, 0.0, -0.125006, 0.0, -0.846897, 0.531757, -0.002831, 0.0, -0.531757, -0.846897, -1.2e-05, 0.0, 0.0, 0.0, 1.0],
                [1.0, 1e-06, 0.0, -0.125006, 0.0, -0.81832, 0.574763, -0.002831, 0.0, -0.574763, -0.81832, -1.2e-05, 0.0, 0.0, 0.0, 1.0],
                [1.0, 1e-06, 0.0, -0.125006, 0.0, -0.792698, 0.609614, -0.002831, 0.0, -0.609614, -0.792698, -1.2e-05, 0.0, 0.0, 0.0, 1.0],
                [1.0, 1e-06, 0.0, -0.125006, 0.0, -0.77045, 0.637501, -0.002831, 0.0, -0.637501, -0.77045, -1.2e-05, 0.0, 0.0, 0.0, 1.0],
                [1.0, 1e-06, 0.0, -0.125006, 0.0, -0.751666, 0.659545, -0.002831, 0.0, -0.659544, -0.751665, -1.2e-05, 0.0, 0.0, 0.0, 1.0],
                [1.0, 1e-06, 0.0, -0.125006, 0.0, -0.736165, 0.676802, -0.002831, 0.0, -0.676802, -0.736165, -1.2e-05, 0.0, 0.0, 0.0, 1.0],
                [1.0, 1e-06, 0.0, -0.125006, 0.0, -0.723555, 0.690267, -0.002831, 0.0, -0.690267, -0.723555, -1.2e-05, 0.0, 0.0, 0.0, 1.0],
                [1.0, 0.0, 0.0, -0.125006, 0.0, -0.713291, 0.700868, -0.002831, 0.0, -0.700867, -0.713291, -1.2e-05, 0.0, 0.0, 0.0, 1.0],
                [1.0, 0.0, -0.0, -0.125006, 0.0, -0.704745, 0.709461, -0.002831, 0.0, -0.709461, -0.704744, -1.2e-05, 0.0, 0.0, 0.0, 1.0],
                [1.0, 0.0, 0.0, -0.125006, 0.0, -0.697248, 0.71683, -0.002831, 0.0, -0.71683, -0.697248, -1.2e-05, 0.0, 0.0, 0.0, 1.0],
                [1.0, 0.0, 0.0, -0.125006, 0.0, -0.690154, 0.723663, -0.002831, 0.0, -0.723663, -0.690153, -1.2e-05, 0.0, 0.0, 0.0, 1.0],
