{
    "animation": [
        {
            "name": "Root",
            "time": [0.0, 0.0167, 0.0333, 0.05, 0.0667, 0.0833, 0.1, 0.1167, 0.1333, 0.15, 0.1667, 0.1833, 0.2, 0.2167, 0.2333, 0.25, 0.2667, 0.2833, 0.3, 0.3167, 0.3333, 0.35, 0.3667, 0.3833, 0.4, 0.4167, 0.4333, 0.45, 0.4667, 0.4833, 0.5, 0.5167, 0.5333, 0.55, 0.5667, 0.5833, 0.6, 0.6167, 0.6333, 0.65, 0.6667, 0.6833, 0.7, 0.7167, 0.7333, 0.75, 0.7667, 0.7833, 0.8, 0.8167, 0.8333, 0.85, 0.8667, 0.8833, 0.9, 0.9167, 0.9333, 0.95, 0.9667, 0.9833, 1.0, 1.0167, 1.0333, 1.05, 1.0667, 1.0833, 1.1, 1.1167, 1.1333, 1.15, 1.1667, 1.1833, 1.2, 1.2167, 1.2333, 1.25, 1.2667, 1.2833, 1.3, 1.3167, 1.3333, 1.35, 1.3667, 1.3833, 1.4, 1.4167, 1.4333, 1.45, 1.4667, 1.4833, 1.5, 1.5167, 1.5333, 1.55, 1.5667, 1.5833, 1.6, 1.6167, 1.6333, 1.65, 1.6667],
            "transform": [
                [1.0, 0.0, 0.0, -0.022424, 0.0, 0.379848, -0.925049, -0.114258, 0.0, 0.925049, 0.379848, 0.550378, 0.0, 0.0, 0.0, 1.0],
                [1.0, 0.0, 0.0, -0.022559, 0.0, 0.379848, -0.925049, -0.114456, 0.0, 0.925049, 0.379848, 0.550908, 0.0, 0.0, 0.0, 1.0],
                [1.0, 0.0, 0.0, -0.022698, 0.0, 0.379848, -0.925049, -0.114661, 0.0, 0.925049, 0.379848, 0.551456, 0.0, 0.0, 0.0, 1.0],
                [1.0, 0.0, 0.0, -0.022841, 0.0, 0.379848, -0.925049, -0.114871, 0.0, 0.925049, 0.379848, 0.552018, 0.0, 0.0, 0.0, 1.0],
                [1.0, 0.0, 0.0, -0.022987, 0.0, 0.379848, -0.925049, -0.115086, 0.0, 0.925049, 0.379848, 0.552592, 0.0, 0.0, 0.0, 1.0],
                [1.0, 0.0, 0.0, -0.023136, 0.0, 0.379848, -0.925049, -0.115304, 0.0, 0.925049, 0.379848, 0.553176, 0.0, 0.0, 0.0, 1.0],
                [1.0, 0.0, 0.0, -0.023285, 0.0, 0.379848, -0.925049, -0.115525, 0.0, 0.925049, 0.379848, 0.553765, 0.0, 0.0, 0.0, 1.0],
                [1.0, 0.0, 0.0, -0.023436, 0.0, 0.379848, -0.925049, -0.115746, 0.0, 0.925049, 0.379848, 0.554357, 0.0, 0.0, 0.0, 1.0],
                [1.0, 0.0, 0.0, -0.023587, 0.0, 0.379848, -0.925049, -0.115968, 0.0, 0.925049, 0.379848, 0.554949, 0.0, 0.0, 0.0, 1.0],
                [1.0, 0.0, 0.0, -0.023737, 0.0, 0.379848, -0.925049, -0.116188, 0.0, 0.925049, 0.379848, 0.555538, 0.0, 0.0, 0.0, 1.0],
                [1.0, 0.0, 0.0, -0.023885, 0.0, 0.379848, -0.925049, -0.116407, 0.0, 0.925049, 0.379848, 0.556121, 0.0, 0.0, 0.0, 1.0],
                [1.0, 0.0, 0.0, -0.024031, 0.0, 0.379848, -0.925049, -0.116621, 0.0, 0.925049, 0.379848, 0.556696, 0.0, 0.0, 0.0, 1.0],
                [1.0, 0.0, 0.0, -0.024174, 0.0, 0.379848, -0.925049, -0.116832, 0.0, 0.925049, 0.379848, 0.557258, 0.0, 0.0, 0.0, 1.0],
                [1.0, 0.0, 0.0, -0.024313, 0.0, 0.379848, -0.925049, -0.117037, 0.0, 0.925049, 0.379848, 0.557806, 0.0, 0.0, 0.0, 1.0],
                [1.0, 0.0, 0.0, -0.024448, 0.0, 0.379848, -0.925049, -0.117235, 0.0, 0.925049, 0.379848, 0.558336, 0.0, 0.0, 0.0, 1.0],
                [1.0, 0.0, 0.0, -0.024578, 0.0, 0.379848, -0.925049, -0.117426, 0.0, 0.925049, 0.379848, 0.558845, 0.0, 0.0, 0.0, 1.0],
                [1.0, 0.0, 0.0, -0.024701, 0.0, 0.379848, -0.925049, -0.117607, 0.0, 0.925049, 0.379848, 0.55933, 0.0, 0.0, 0.0, 1.0],
                [1.0, 0.0, 0.0, -0.024818, 0.0, 0.379848, -0.925049, -0.117779, 0.0, 0.925049, 0.379848, 0.559789, 0.0, 0.0, 0.0, 1.0],
                [1.0, 0.0, 0.0, -0.024927, 0.0, 0.379848, -0.925049, -0.117939, 0.0, 0.925049, 0.379848, 0.560218, 0.0, 0.0, 0.0, 1.0],
                [1.0, 0.0, 0.0, -0.025028, 0.0, 0.379848, -0.925049, -0.118088, 0.0, 0.925049, 0.379848, 0.560615, 0.0, 0.0, 0.0, 1.0],
                [1.0, 0.0, 0.0, -0.02512, 0.0, 0.379848, -0.925049, -0.118223, 0.0, 0.925049, 0.379848, 0.560976, 0.0, 0.0, 0.0, 1.0],
                [1.0, 0.0, 0.0, -0.025202, 0.0, 0.379848, -0.925049, -0.118344, 0.0, 0.925049, 0.379848, 0.561298, 0.0, 0.0, 0.0, 1.0],
                [1.0, 0.0, 0.0, -0.025273, 0.0, 0.379848, -0.925049, -0.118449, 0.0, 0.925049, 0.379848, 0.561579, 0.0, 0.0, 0.0, 1.0],
                [1.0, 0.0, 0.0, -0.025333, 0.0, 0.379848, -0.925049, -0.118537, 0.0, 0.925049, 0.379848, 0.561816, 0.0, 0.0, 0.0, 1.0],
                [1.0, 0.0, 0.0, -0.025382, 0.0, 0.379848, -0.925049, -0.118608, 0.0, 0.925049, 0.379848, 0.562005, 0.0, 0.0, 0.0, 1.0],
                [1.0, 0.0, 0.0, -0.025417, 0.0, 0.379848, -0.925049, -0.11866, 0.0, 0.925049, 0.379848, 0.562143, 0.0, 0.0, 0.0, 1.0],
                [1.0, 0.0, 0.0, -0.025439, 0.0, 0.379848, -0.925049, -0.118692, 0.0, 0.925049, 0.379848, 0.562229, 0.0, 0.0, 0.0, 1.0],
                [1.0, 0.0, 0.0, -0.025446, 0.0, 0.379848, -0.925049, -0.118703, 0.0, 0.925049, 0.379848, 0.562258, 0.0, 0.0, 0.0, 1.0],
                [1.0, 0.0, 0.0, -0.025446, 0.0, 0.379848, -0.925049, -0.118703, 0.0, 0.925049, 0.379848, 0.562258, 0.0, 0.0, 0.0, 1.0],
                [1.0, 0.0, 0.0, -0.025446, 0.0, 0.379848, -0.925049, -0.118703, 0.0, 0.925049, 0.379848, 0.562258, 0.0, 0.0, 0.0, 1.0],
                [1.0, 0.0, 0.0, -0.025446, 0.0, 0.379848, -0.925049, -0.118703, 0.0, 0.925049, 0.379848, 0.562258, 0.0, 0.0, 0.0, 1.0],
                [1.0, 0.0, 0.0, -0.025446, 0.0, 0.379848, -0.925049, -0.118703, 0.0, 0.925049, 0.379848, 0.562258, 0.0, 0.0, 0.0, 1.0],
                [1.0, 0.0, 0.0, -0.025446, 0.0, 0.379848, -0.925049, -0.118703, 0.0, 0.925049, 0.379848, 0.562258, 0.0, 0.0, 0.0, 1.0],
                [1.0, 0.0, 0.0, -0.025446, 0.0, 0.379848, -0.925049, -0.118703, 0.0, 0.925049, 0.379848, 0.562258, 0.0, 0.0, 0.0, 1.0],
                [1.0, 0.0, 0.0, -0.025446, 0.0, 0.379848, -0.925049, -0.118703, 0.0, 0.925049, 0.379848, 0.562258, 0.0, 0.0, 0.0, 1.0],
                [1.0, 0.0, 0.0, -0.025446, 0.0, 0.379848, -0.925049, -0.118703, 0.0, 0.925049, 0.379848, 0.562258, 0.0, 0.0, 0.0, 1.0],
                [1.0, 0.0, 0.0, -0.025446, 0.0, 0.379848, -0.925049, -0.118703, 0.0, 0.925049, 0.379848, 0.562258, 0.0, 0.0, 0.0, 1.0],
                [1.0, 0.0, 0.0, -0.025446, 0.0, 0.379848, -0.925049, -0.118703, 0.0, 0.925049, 0.379848, 0.562258, 0.0, 0.0, 0.0, 1.0],
                [1.0, 0.0, 0.0, -0.025446, 0.0, 0.379848, -0.925049, -0.118703, 0.0, 0.925049, 0.379848, 0.562258, 0.0, 0.0, 0.0, 1.0],
                [1.0, 0.0, 0.0, -0.025446, 0.0, 0.379848, -0.925049, -0.118703, 0.0, 0.925049, 0.379848, 0.562258, 0.0, 0.0, 0.0, 1.0],
                [1.0, 0.0, 0.0, -0.025446, 0.0, 0.379848, -0.925049, -0.118703, 0.0, 0.925049, 0.379848, 0.562258, 0.0, 0.0, 0.0, 1.0],
                [1.0, 0.0, 0.0, -0.025446, 0.0, 0.379848, -0.925049, -0.118703, 0.0, 0.925049, 0.379848, 0.562258, 0.0, 0.0, 0.0, 1.0],
                [1.0, 0.0, 0.0, -0.025446, 0.0, 0.379848, -0.925049, -0.118703, 0.0, 0.925049, 0.379848, 0.562258, 0.0, 0.0, 0.0, 1.0],
                [1.0, 0.0, 0.0, -0.025446, 0.0, 0.379848, -0.925049, -0.118703, 0.0, 0.925049, 0.379848, 0.562258, 0.0, 0.0, 0.0, 1.0],
                [1.0, 0.0, 0.0, -0.025445, 0.0, 0.379848, -0.925049, -0.118701, 0.0, 0.925049, 0.379848, 0.562255, 0.0, 0.0, 0.0, 1.0],
                [1.0, 0.0, 0.0, -0.025443, 0.0, 0.379848, -0.925049, -0.118698, 0.0, 0.925049, 0.379848, 0.562244, 0.0, 0.0, 0.0, 1.0],
                [1.0, 0.0, 0.0, -0.025438, 0.0, 0.379848, -0.925049, -0.11869, 0.0, 0.925049, 0.379848, 0.562225, 0.0, 0.0, 0.0, 1.0],
                [1.0, 0.0, 0.0, -0.02543, 0.0, 0.379848, -0.925049, -0.118679, 0.0, 0.925049, 0.379848, 0.562195, 0.0, 0.0, 0.0, 1.0],
                [1.0, 0.0, 0.0, -0.02542, 0.0, 0.379848, -0.925049, -0.118664, 0.0, 0.925049, 0.379848, 0.562154, 0.0, 0.0, 0.0, 1.0],
                [1.0, 0.0, 0.0, -0.025406, 0.0, 0.379848, -0.925049, -0.118644, 0.0, 0.925049, 0.379848, 0.5621, 0.0, 0.0, 0.0, 1.0],
                [1.0, 0.0, 0.0, -0.025388, 0.0, 0.379848, -0.925049, -0.118618, 0.0, 0.925049, 0.379848, 0.562031, 0.0, 0.0, 0.0, 1.0],
                [1.0, 0.0, 0.0, -0.025367, 0.0, 0.379848, -0.925049, -0.118586, 0.0, 0.925049, 0.379848, 0.561947, 0.0, 0.0, 0.0, 1.0],
                [1.0, 0.0, 0.0, -0.025341, 0.0, 0.379848, -0.925049, -0.118549, 0.0, 0.925049, 0.379848, 0.561846, 0.0, 0.0, 0.0, 1.0],
                [1.0, 0.0, 0.0, -0.025311, 0.0, 0.379848, -0.925049, -0.118504, 0.0, 0.925049, 0.379848, 0.561727, 0.0, 0.0, 0.0, 1.0],
                [1.0, 0.0, 0.0, -0.025276, 0.0, 0.379848, -0.925049, -0.118452, 0.0, 0.925049, 0.379848, 0.561588, 0.0, 0.0, 0.0, 1.0],
                [1.0, 0.0, 0.0, -0.025235, 0.0, 0.379848, -0.925049, -0.118393, 0.0, 0.925049, 0.379848, 0.56143, 0.0, 0.0, 0.0, 1.0],
                [1.0, 0.0, 0.0, -0.025191, 0.0, 0.379848, -0.925049, -0.118327, 0.0, 0.925049, 0.379848, 0.561254, 0.0, 0.0, 0.0, 1.0],
                [1.0, 0.0, 0.0, -0.025142, 0.0, 0.379848, -0.925049, -0.118255, 0.0, 0.925049, 0.379848, 0.561061, 0.0, 0.0, 0.0, 1.0],
                [1.0, 0.0, 0.0, -0.025089, 0.0, 0.379848, -0.925049, -0.118177, 0.0, 0.925049, 0.379848, 0.560853, 0.0, 0.0, 0.0, 1.0],
                [1.0, 0.0, 0.0, -0.025032, 0.0, 0.379848, -0.925049, -0.118093, 0.0, 0.925049, 0.379848, 0.560629, 0.0, 0.0, 0.0, 1.0],
                [1.0, 0.0, 0.0, -0.024971, 0.0, 0.379848, -0.925049, -0.118004, 0.0, 0.925049, 0.379848, 0.560391, 0.0, 0.0, 0.0, 1.0],
                [1.0, 0.0, 0.0, -0.024907, 0.0, 0.379848, -0.925049, -0.11791, 0.0, 0.925049, 0.379848, 0.56014, 0.0, 0.0, 0.0, 1.0],
                [1.0, 0.0, 0.0, -0.02484, 0.0, 0.379848, -0.925049, -0.117812, 0.0, 0.925049, 0.379848, 0.559877, 0.0, 0.0, 0.0, 1.0],
                [1.0, 0.0, 0.0, -0.024771, 0.0, 0.379848, -0.925049, -0.117709, 0.0, 0.925049, 0.379848, 0.559603, 0.0, 0.0, 0.0, 1.0],
                [1.0, 0.0, 0.0, -0.024698, 0.0, 0.379848, -0.925049, -0.117603, 0.0, 0.925049, 0.379848, 0.559319, 0.0, 0.0, 0.0, 1.0],
                [1.0, 0.0, 0.0, -0.024624, 0.0, 0.379848, -0.925049, -0.117493, 0.0, 0.925049, 0.379848, 0.559025, 0.0, 0.0, 0.0, 1.0],
                [1.0, 0.0, 0.0, -0.024547, 0.0, 0.379848, -0.925049, -0.11738, 0.0, 0.925049, 0.379848, 0.558723, 0.0, 0.0, 0.0, 1.0],
                [1.0, 0.0, 0.0, -0.024468, 0.0, 0.379848, -0.925049, -0.117264, 0.0, 0.925049, 0.379848, 0.558414, 0.0, 0.0, 0.0, 1.0],
                [1.0, 0.0, 0.0, -0.024388, 0.0, 0.379848, -0.925049, -0.117146, 0.0, 0.925049, 0.379848, 0.558098, 0.0, 0.0, 0.0, 1.0],
                [1.0, 0.0, 0.0, -0.024306, 0.0, 0.379848, -0.925049, -0.117026, 0.0, 0.925049, 0.379848, 0.557777, 0.0, 0.0, 0.0, 1.0],
                [1.0, 0.0, 0.0, -0.024223, 0.0, 0.379848, -0.925049, -0.116904, 0.0, 0.925049, 0.379848, 0.557451, 0.0, 0.0, 0.0, 1.0],
                [1.0, 0.0, 0.0, -0.02414, 0.0, 0.379848, -0.925049, -0.116781, 0.0, 0.925049, 0.379848, 0.557122, 0.0, 0.0, 0.0, 1.0],
                [1.0, 0.0, 0.0, -0.024055, 0.0, 0.379848, -0.925049, -0.116657, 0.0, 0.925049, 0.379848, 0.556791, 0.0, 0.0, 0.0, 1.0],
                [1.0, 0.0, 0.0, -0.02397, 0.0, 0.379848, -0.925049, -0.116532, 0.0, 0.925049, 0.379848, 0.556458, 0.0, 0.0, 0.0, 1.0],
                [1.0, 0.0, 0.0, -0.023885, 0.0, 0.379848, -0.925049, -0.116408, 0.0, 0.925049, 0.379848, 0.556124, 0.0, 0.0, 0.0, 1.0],
                [1.0, 0.0, 0.0, -0.023801, 0.0, 0.379848, -0.925049, -0.116283, 0.0, 0.925049, 0.379848, 0.55579, 0.0, 0.0, 0.0, 1.0],
                [1.0, 0.0, 0.0, -0.023716, 0.0, 0.379848, -0.925049, -0.116159, 0.0, 0.925049, 0.379848, 0.555458, 0.0, 0.0, 0.0, 1.0],
                [1.0, 0.0, 0.0, -0.023632, 0.0, 0.379848, -0.925049, -0.116035, 0.0, 0.925049, 0.379848, 0.555128, 0.0, 0.0, 0.0, 1.0],
                [1.0, 0.0, 0.0, -0.023549, 0.0, 0.379848, -0.925049, -0.115913, 0.0, 0.925049, 0.379848, 0.554802, 0.0, 0.0, 0.0, 1.0],
                [1.0, 0.0, 0.0, -0.023467, 0.0, 0.379848, -0.925049, -0.115792, 0.0, 0.925049, 0.379848, 0.554479, 0.0, 0.0, 0.0, 1.0],
                [1.0, 0.0, 0.0, -0.023386, 0.0, 0.379848, -0.925049, -0.115674, 0.0, 0.925049, 0.379848, 0.554162, 0.0, 0.0, 0.0, 1.0],
                [1.0, 0.0, 0.0, -0.023307, 0.0, 0.379848, -0.925049, -0.115557, 0.0, 0.925049, 0.379848, 0.553851, 0.0, 0.0, 0.0, 1.0],
                [1.0, 0.0, 0.0, -0.02323, 0.0, 0.379848, -0.925049, -0.115443, 0.0, 0.925049, 0.379848, 0.553547, 0.0, 0.0, 0.0, 1.0],
                [1.0, 0.0, 0.0, -0.023155, 0.0, 0.379848, -0.925049, -0.115333, 0.0, 0.925049, 0.379848, 0.553251, 0.0, 0.0, 0.0, 1.0],
                [1.0, 0.0, 0.0, -0.023082, 0.0, 0.379848, -0.925049, -0.115225, 0.0, 0.925049, 0.379848, 0.552964, 0.0, 0.0, 0.0, 1.0],
                [1.0, 0.0, 0.0, -0.023011, 0.0, 0.379848, -0.925049, -0.115122, 0.0, 0.925049, 0.379848, 0.552687, 0.0, 0.0, 0.0, 1.0],
                [1.0, 0.0, 0.0, -0.022943, 0.0, 0.379848, -0.925049, -0.115022, 0.0, 0.925049, 0.379848, 0.552421, 0.0, 0.0, 0.0, 1.0],
                [1.0, 0.0, 0.0, -0.022879, 0.0, 0.379848, -0.925049, -0.114927, 0.0, 0.925049, 0.379848, 0.552166, 0.0, 0.0, 0.0, 1.0],
                [1.0, 0.0, 0.0, -0.022817, 0.0, 0.379848, -0.925049, -0.114836, 0.0, 0.925049, 0.379848, 0.551925, 0.0, 0.0, 0.0, 1.0],
                [1.0, 0.0, 0.0, -0.022759, 0.0, 0.379848, -0.925049, -0.114751, 0.0, 0.925049, 0.379848, 0.551697, 0.0, 0.0, 0.0, 1.0],
                [1.0, 0.0, 0.0, -0.022705, 0.0, 0.379848, -0.925049, -0.114672, 0.0, 0.925049, 0.379848, 0.551484, 0.0, 0.0, 0.0, 1.0],
                [1.0, 0.0, 0.0, -0.022655, 0.0, 0.379848, -0.925049, -0.114598, 0.0, 0.925049, 0.379848, 0.551287, 0.0, 0.0, 0.0, 1.0],
                [1.0, 0.0, 0.0, -0.022609, 0.0, 0.379848, -0.925049, -0.11453, 0.0, 0.925049, 0.379848, 0.551107, 0.0, 0.0, 0.0, 1.0],
                [1.0, 0.0, 0.0, -0.022568, 0.0, 0.379848, -0.925049, -0.114469, 0.0, 0.925049, 0.379848, 0.550944, 0.0, 0.0, 0.0, 1.0],
                [1.0, 0.0, 0.0, -0.022531, 0.0, 0.379848, -0.925049, -0.114415, 0.0, 0.925049, 0.379848, 0.550799, 0.0, 0.0, 0.0, 1.0],
                [1.0, 0.0, 0.0, -0.022499, 0.0, 0.379848, -0.925049, -0.114369, 0.0, 0.925049, 0.379848, 0.550675, 0.0, 0.0, 0.0, 1.0],
                [1.0, 0.0, 0.0, -0.022473, 0.0, 0.379848, -0.925049, -0.11433, 0.0, 0.925049, 0.379848, 0.550571, 0.0, 0.0, 0.0, 1.0],
                [1.0, 0.0, 0.0, -0.022452, 0.0, 0.379848, -0.925049, -0.114299, 0.0, 0.925049, 0.379848, 0.550488, 0.0, 0.0, 0.0, 1.0],
                [1.0, 0.0, 0.0, -0.022436, 0.0, 0.379848, -0.925049, -0.114276, 0.0, 0.925049, 0.379848, 0.550428, 0.0, 0.0, 0.0, 1.0],
                [1.0, 0.0, 0.0, -0.022427, 0.0, 0.379848, -0.925049, -0.114262, 0.0, 0.925049, 0.379848, 0.550391, 0.0, 0.0, 0.0, 1.0],
                [1.0, 0.0, 0.0, -0.022424, 0.0, 0.379848, -0.925049, -0.114258, 0.0, 0.925049, 0.379848, 0.550378, 0.0, 0.0, 0.0, 1.0]
            ]
        },
        {
            "name": "Thigh_R",
            "time": [0.0, 0.0167, 0.0333, 0.05, 0.0667, 0.0833, 0.1, 0.1167, 0.1333, 0.15, 0.1667, 0.1833, 0.2, 0.2167, 0.2333, 0.25, 0.2667, 0.2833, 0.3, 0.3167, 0.3333, 0.35, 0.3667, 0.3833, 0.4, 0.4167, 0.4333, 0.45, 0.4667, 0.4833, 0.5, 0.5167, 0.5333, 0.55, 0.5667, 0.5833, 0.6, 0.6167, 0.6333, 0.65, 0.6667, 0.6833, 0.7, 0.7167, 0.7333, 0.75, 0.7667, 0.7833, 0.8, 0.8167, 0.8333, 0.85, 0.8667, 0.8833, 0.9, 0.9167, 0.9333, 0.95, 0.9667, 0.9833, 1.0, 1.0167, 1.0333, 1.05, 1.0667, 1.0833, 1.1, 1.1167, 1.1333, 1.15, 1.1667, 1.1833, 1.2, 1.2167, 1.2333, 1.25, 1.2667, 1.2833, 1.3, 1.3167, 1.3333, 1.35, 1.3667, 1.3833, 1.4, 1.4167, 1.4333, 1.45, 1.4667, 1.4833, 1.5, 1.5167, 1.5333, 1.55, 1.5667, 1.5833, 1.6, 1.6167, 1.6333, 1.65, 1.6667],
            "transform": [
                [0.889586, 0.392058, 0.234367, 0.124994, -0.211184, -0.101937, 0.972116, -0.002831, 0.405017, -0.914276, -0.007885, -1.2e-05, 0.0, 0.0, 0.0, 1.0],
                [0.889549, 0.391809, 0.23492, 0.124994, -0.211167, -0.103345, 0.971971, -0.002831, 0.405105, -0.914224, -0.009194, -1.2e-05, 0.0, 0.0, 0.0, 1.0],
                [0.889512, 0.391551, 0.235492, 0.124994, -0.211149, -0.104803, 0.971819, -0.002831, 0.405197, -0.914169, -0.010548, -1.2e-05, 0.0, 0.0, 0.0, 1.0],
                [0.889474, 0.391283, 0.23608, 0.124994, -0.211131, -0.106303, 0.97166, -0.002831, 0.40529, -0.91411, -0.011942, -1.2e-05, 0.0, 0.0, 0.0, 1.0],
                [0.889435, 0.391009, 0.236682, 0.124994, -0.211112, -0.107836, 0.971495, -0.002831, 0.405386, -0.914048, -0.013367, -1.2e-05, 0.0, 0.0, 0.0, 1.0],
                [0.889395, 0.390728, 0.237294, 0.124994, -0.211093, -0.109397, 0.971325, -0.002831, 0.405483, -0.913983, -0.014817, -1.2e-05, 0.0, 0.0, 0.0, 1.0],
                [0.889355, 0.390442, 0.237913, 0.124994, -0.211074, -0.110976, 0.97115, -0.002831, 0.40558, -0.913915, -0.016284, -1.2e-05, 0.0, 0.0, 0.0, 1.0],
                [0.889315, 0.390153, 0.238536, 0.124994, -0.211055, -0.112565, 0.970971, -0.002831, 0.405678, -0.913844, -0.017762, -1.2e-05, 0.0, 0.0, 0.0, 1.0],
                [0.889275, 0.389862, 0.23916, 0.124994, -0.211035, -0.114157, 0.97079, -0.002831, 0.405775, -0.91377, -0.019242, -1.2e-05, 0.0, 0.0, 0.0, 1.0],
                [0.889235, 0.38957, 0.239782, 0.124994, -0.211016, -0.115745, 0.970606, -0.002831, 0.405872, -0.913695, -0.020719, -1.2e-05, 0.0, 0.0, 0.0, 1.0],
                [0.889196, 0.389279, 0.240399, 0.124994, -0.210997, -0.117319, 0.970421, -0.002831, 0.405968, -0.913618, -0.022183, -1.2e-05, 0.0, 0.0, 0.0, 1.0],
                [0.889158, 0.388992, 0.241007, 0.124994, -0.210979, -0.118871, 0.970236, -0.002831, 0.406062, -0.91354, -0.023626, -1.2e-05, 0.0, 0.0, 0.0, 1.0],
                [0.88912, 0.388708, 0.241603, 0.124994, -0.210961, -0.120395, 0.970052, -0.002831, 0.406154, -0.913462, -0.025043, -1.2e-05, 0.0, 0.0, 0.0, 1.0],
                [0.889083, 0.388429, 0.242185, 0.124994, -0.210943, -0.121881, 0.96987, -0.002831, 0.406244, -0.913383, -0.026426, -1.2e-05, 0.0, 0.0, 0.0, 1.0],
                [0.889048, 0.388158, 0.242749, 0.124994, -0.210926, -0.123321, 0.969692, -0.002831, 0.40633, -0.913305, -0.027765, -1.2e-05, 0.0, 0.0, 0.0, 1.0],
                [0.889014, 0.387896, 0.243291, 0.124994, -0.21091, -0.124707, 0.969518, -0.002831, 0.406413, -0.913228, -0.029055, -1.2e-05, 0.0, 0.0, 0.0, 1.0],
                [0.888982, 0.387645, 0.243809, 0.124994, -0.210894, -0.126031, 0.96935, -0.002831, 0.406492, -0.913153, -0.030287, -1.2e-05, 0.0, 0.0, 0.0, 1.0],
                [0.888951, 0.387407, 0.244299, 0.124994, -0.21088, -0.127284, 0.96919, -0.002831, 0.406566, -0.91308, -0.031453, -1.2e-05, 0.0, 0.0, 0.0, 1.0],
                [0.888923, 0.387183, 0.244758, 0.124994, -0.210866, -0.128457, 0.969038, -0.002831, 0.406636, -0.913011, -0.032544, -1.2e-05, 0.0, 0.0, 0.0, 1.0],
                [0.888896, 0.386974, 0.245183, 0.124994, -0.210853, -0.129543, 0.968896, -0.002831, 0.406699, -0.912946, -0.033555, -1.2e-05, 0.0, 0.0, 0.0, 1.0],
                [0.888872, 0.386784, 0.24557, 0.124994, -0.210842, -0.130533, 0.968766, -0.002831, 0.406758, -0.912886, -0.034476, -1.2e-05, 0.0, 0.0, 0.0, 1.0],
                [0.888851, 0.386613, 0.245916, 0.124994, -0.210832, -0.131417, 0.968648, -0.002831, 0.40681, -0.912831, -0.0353, -1.2e-05, 0.0, 0.0, 0.0, 1.0],
                [0.888832, 0.386464, 0.246217, 0.124994, -0.210823, -0.132189, 0.968545, -0.002831, 0.406855, -0.912783, -0.036018, -1.2e-05, 0.0, 0.0, 0.0, 1.0],
                [0.888817, 0.386338, 0.246471, 0.124994, -0.210815, -0.13284, 0.968458, -0.002831, 0.406893, -0.912742, -0.036624, -1.2e-05, 0.0, 0.0, 0.0, 1.0],
                [0.888804, 0.386237, 0.246675, 0.124994, -0.210809, -0.13336, 0.968388, -0.002831, 0.406924, -0.912709, -0.037108, -1.2e-05, 0.0, 0.0, 0.0, 1.0],
                [0.888795, 0.386163, 0.246824, 0.124994, -0.210805, -0.133742, 0.968336, -0.002831, 0.406946, -0.912684, -0.037464, -1.2e-05, 0.0, 0.0, 0.0, 1.0],
                [0.888789, 0.386117, 0.246916, 0.124994, -0.210802, -0.133977, 0.968304, -0.002831, 0.406959, -0.912669, -0.037683, -1.2e-05, 0.0, 0.0, 0.0, 1.0],
                [0.888787, 0.386101, 0.246947, 0.124994, -0.210801, -0.134057, 0.968293, -0.002831, 0.406964, -0.912664, -0.037758, -1.2e-05, 0.0, 0.0, 0.0, 1.0],
                [0.888787, 0.386101, 0.246947, 0.124994, -0.210801, -0.134057, 0.968293, -0.002831, 0.406964, -0.912664, -0.037758, -1.2e-05, 0.0, 0.0, 0.0, 1.0],
                [0.888787, 0.386101, 0.246947, 0.124994, -0.210801, -0.134057, 0.968293, -0.002831, 0.406964, -0.912664, -0.037758, -1.2e-05, 0.0, 0.0, 0.0, 1.0],
                [0.888787, 0.386101, 0.246947, 0.124994, -0.210801, -0.134057, 0.968293, -0.002831, 0.406964, -0.912664, -0.037758, -1.2e-05, 0.0, 0.0, 0.0, 1.0],
                [0.888787, 0.386101, 0.246947, 0.124994, -0.210801, -0.134057, 0.968293, -0.002831, 0.406964, -0.912664, -0.037758, -1.2e-05, 0.0, 0.0, 0.0, 1.0],
                [0.888787, 0.386101, 0.246947, 0.124994, -0.210801, -0.134057, 0.968293, -0.002831, 0.406964, -0.912664, -0.037758, -1.2e-05, 0.0, 0.0, 0.0, 1.0],
                [0.888787, 0.386101, 0.246947, 0.124994, -0.210801, -0.134057, 0.968293, -0.002831, 0.406964, -0.912664, -0.037758, -1.2e-05, 0.0, 0.0, 0.0, 1.0],
                [0.888787, 0.386101, 0.246947, 0.124994, -0.210801, -0.134057, 0.968293, -0.002831, 0.406964, -0.912664, -0.037758, -1.2e-05, 0.0, 0.0, 0.0, 1.0],
                [0.888787, 0.386101, 0.246947, 0.124994, -0.210801, -0.134057, 0.968293, -0.002831, 0.406964, -0.912664, -0.037758, -1.2e-05, 0.0, 0.0, 0.0, 1.0],
                [0.888787, 0.386101, 0.246947, 0.124994, -0.210801, -0.134057, 0.968293, -0.002831, 0.406964, -0.912664, -0.037758, -1.2e-05, 0.0, 0.0, 0.0, 1.0],
                [0.888787, 0.386101, 0.246947, 0.124994, -0.210801, -0.134057, 0.968293, -0.002831, 0.406964, -0.912664, -0.037758, -1.2e-05, 0.0, 0.0, 0.0, 1.0],
                [0.888787, 0.386101, 0.246947, 0.124994, -0.210801, -0.134057, 0.968293, -0.002831, 0.406964, -0.912664, -0.037758, -1.2e-05, 0.0, 0.0, 0.0, 1.0],
                [0.888787, 0.386101, 0.246947, 0.124994, -0.210801, -0.134057, 0.968293, -0.002831, 0.406964, -0.912664, -0.037758, -1.2e-05, 0.0, 0.0, 0.0, 1.0],
                [0.888787, 0.386101, 0.246947, 0.124994, -0.210801, -0.134057, 0.968293, -0.002831, 0.406964, -0.912664, -0.037758, -1.2e-05, 0.0, 0.0, 0.0, 1.0],
                [0.888787, 0.386101, 0.246947, 0.124994, -0.210801, -0.134057, 0.968293, -0.002831, 0.406964, -0.912664, -0.037758, -1.2e-05, 0.0, 0.0, 0.0, 1.0],
                [0.888787, 0.386101, 0.246947, 0.124994, -0.210801, -0.134057, 0.968293, -0.002831, 0.406964, -0.912664, -0.037758, -1.2e-05, 0.0, 0.0, 0.0, 1.0],
                [0.888787, 0.386101, 0.246947, 0.124994, -0.210801, -0.134057, 0.968293, -0.002831, 0.406964, -0.912664, -0.037758, -1.2e-05, 0.0, 0.0, 0.0, 1.0],
                [0.888788, 0.386103, 0.246944, 0.124994, -0.210801, -0.134048, 0.968295, -0.002831, 0.406964, -0.912664, -0.037749, -1.2e-05, 0.0, 0.0, 0.0, 1.0],
                [0.888788, 0.386109, 0.246932, 0.124994, -0.210802, -0.134019, 0.968299, -0.002831, 0.406962, -0.912666, -0.037722, -1.2e-05, 0.0, 0.0, 0.0, 1.0],
                [0.88879, 0.386119, 0.246911, 0.124994, -0.210802, -0.133966, 0.968306, -0.002831, 0.406959, -0.91267, -0.037672, -1.2e-05, 0.0, 0.0, 0.0, 1.0],
                [0.888792, 0.386135, 0.24688, 0.124994, -0.210803, -0.133884, 0.968317, -0.002831, 0.406954, -0.912675, -0.037596, -1.2e-05, 0.0, 0.0, 0.0, 1.0],
                [0.888794, 0.386157, 0.246835, 0.124994, -0.210805, -0.133771, 0.968332, -0.002831, 0.406948, -0.912682, -0.037491, -1.2e-05, 0.0, 0.0, 0.0, 1.0],
                [0.888798, 0.386186, 0.246777, 0.124994, -0.210806, -0.133622, 0.968352, -0.002831, 0.406939, -0.912692, -0.037352, -1.2e-05, 0.0, 0.0, 0.0, 1.0],
                [0.888802, 0.386222, 0.246704, 0.124994, -0.210809, -0.133434, 0.968378, -0.002831, 0.406928, -0.912704, -0.037177, -1.2e-05, 0.0, 0.0, 0.0, 1.0],
                [0.888808, 0.386268, 0.246613, 0.124994, -0.210811, -0.133203, 0.968409, -0.002831, 0.406914, -0.912719, -0.036962, -1.2e-05, 0.0, 0.0, 0.0, 1.0],
                [0.888815, 0.386321, 0.246504, 0.124994, -0.210814, -0.132924, 0.968446, -0.002831, 0.406898, -0.912736, -0.036703, -1.2e-05, 0.0, 0.0, 0.0, 1.0],
                [0.888822, 0.386385, 0.246376, 0.124994, -0.210818, -0.132595, 0.968491, -0.002831, 0.406879, -0.912757, -0.036397, -1.2e-05, 0.0, 0.0, 0.0, 1.0],
                [0.888832, 0.386459, 0.246227, 0.124994, -0.210823, -0.132213, 0.968542, -0.002831, 0.406856, -0.912781, -0.036041, -1.2e-05, 0.0, 0.0, 0.0, 1.0],
                [0.888842, 0.386543, 0.246057, 0.124994, -0.210828, -0.131779, 0.9686, -0.002831, 0.406831, -0.912808, -0.035636, -1.2e-05, 0.0, 0.0, 0.0, 1.0],
                [0.888854, 0.386637, 0.245868, 0.124994, -0.210833, -0.131296, 0.968665, -0.002831, 0.406803, -0.912839, -0.035187, -1.2e-05, 0.0, 0.0, 0.0, 1.0],
                [0.888866, 0.386739, 0.245661, 0.124994, -0.210839, -0.130767, 0.968735, -0.002831, 0.406772, -0.912871, -0.034695, -1.2e-05, 0.0, 0.0, 0.0, 1.0],
                [0.88888, 0.386849, 0.245437, 0.124994, -0.210846, -0.130195, 0.96881, -0.002831, 0.406738, -0.912907, -0.034162, -1.2e-05, 0.0, 0.0, 0.0, 1.0],
                [0.888895, 0.386967, 0.245198, 0.124994, -0.210853, -0.129582, 0.968891, -0.002831, 0.406702, -0.912944, -0.033591, -1.2e-05, 0.0, 0.0, 0.0, 1.0],
                [0.888911, 0.387092, 0.244943, 0.124994, -0.210861, -0.12893, 0.968976, -0.002831, 0.406663, -0.912983, -0.032985, -1.2e-05, 0.0, 0.0, 0.0, 1.0],
                [0.888928, 0.387223, 0.244675, 0.124994, -0.210869, -0.128244, 0.969066, -0.002831, 0.406623, -0.913024, -0.032346, -1.2e-05, 0.0, 0.0, 0.0, 1.0],
                [0.888945, 0.387361, 0.244394, 0.124994, -0.210877, -0.127525, 0.969159, -0.002831, 0.40658, -0.913066, -0.031677, -1.2e-05, 0.0, 0.0, 0.0, 1.0],
                [0.888963, 0.387504, 0.244101, 0.124994, -0.210886, -0.126776, 0.969255, -0.002831, 0.406536, -0.91311, -0.03098, -1.2e-05, 0.0, 0.0, 0.0, 1.0],
                [0.888982, 0.387652, 0.243797, 0.124994, -0.210895, -0.125999, 0.969355, -0.002831, 0.40649, -0.913155, -0.030257, -1.2e-05, 0.0, 0.0, 0.0, 1.0],
                [0.889002, 0.387803, 0.243483, 0.124994, -0.210904, -0.125198, 0.969456, -0.002831, 0.406442, -0.9132, -0.029512, -1.2e-05, 0.0, 0.0, 0.0, 1.0],
                [0.889022, 0.387959, 0.243161, 0.124994, -0.210914, -0.124375, 0.96956, -0.002831, 0.406393, -0.913246, -0.028746, -1.2e-05, 0.0, 0.0, 0.0, 1.0],
                [0.889043, 0.388118, 0.242832, 0.124994, -0.210924, -0.123533, 0.969665, -0.002831, 0.406343, -0.913293, -0.027963, -1.2e-05, 0.0, 0.0, 0.0, 1.0],
                [0.889064, 0.38828, 0.242496, 0.124994, -0.210934, -0.122675, 0.969772, -0.002831, 0.406291, -0.91334, -0.027164, -1.2e-05, 0.0, 0.0, 0.0, 1.0],
                [0.889085, 0.388444, 0.242155, 0.124994, -0.210944, -0.121803, 0.96988, -0.002831, 0.406239, -0.913387, -0.026353, -1.2e-05, 0.0, 0.0, 0.0, 1.0],
                [0.889107, 0.38861, 0.241808, 0.124994, -0.210955, -0.120918, 0.969988, -0.002831, 0.406186, -0.913434, -0.02553, -1.2e-05, 0.0, 0.0, 0.0, 1.0],
                [0.889129, 0.388776, 0.241459, 0.124994, -0.210965, -0.120026, 0.970097, -0.002831, 0.406132, -0.913481, -0.024701, -1.2e-05, 0.0, 0.0, 0.0, 1.0],
                [0.889151, 0.388943, 0.241108, 0.124994, -0.210976, -0.119129, 0.970205, -0.002831, 0.406078, -0.913527, -0.023866, -1.2e-05, 0.0, 0.0, 0.0, 1.0],
                [0.889174, 0.389111, 0.240755, 0.124994, -0.210987, -0.118228, 0.970313, -0.002831, 0.406023, -0.913573, -0.023028, -1.2e-05, 0.0, 0.0, 0.0, 1.0],
                [0.889196, 0.389278, 0.240401, 0.124994, -0.210997, -0.117325, 0.97042, -0.002831, 0.405969, -0.913618, -0.022188, -1.2e-05, 0.0, 0.0, 0.0, 1.0],
                [0.889219, 0.389445, 0.240049, 0.124994, -0.211008, -0.116425, 0.970526, -0.002831, 0.405914, -0.913662, -0.021351, -1.2e-05, 0.0, 0.0, 0.0, 1.0],
                [0.889241, 0.38961, 0.239698, 0.124994, -0.211019, -0.115529, 0.970631, -0.002831, 0.405859, -0.913706, -0.020518, -1.2e-05, 0.0, 0.0, 0.0, 1.0],
                [0.889263, 0.389773, 0.239349, 0.124994, -0.21103, -0.11464, 0.970734, -0.002831, 0.405805, -0.913748, -0.019692, -1.2e-05, 0.0, 0.0, 0.0, 1.0],
                [0.889285, 0.389934, 0.239005, 0.124994, -0.21104, -0.113761, 0.970835, -0.002831, 0.405751, -0.913789, -0.018874, -1.2e-05, 0.0, 0.0, 0.0, 1.0],
                [0.889307, 0.390093, 0.238665, 0.124994, -0.211051, -0.112894, 0.970934, -0.002831, 0.405698, -0.913829, -0.018068, -1.2e-05, 0.0, 0.0, 0.0, 1.0],
                [0.889328, 0.390248, 0.238331, 0.124994, -0.211061, -0.112041, 0.971031, -0.002831, 0.405646, -0.913868, -0.017275, -1.2e-05, 0.0, 0.0, 0.0, 1.0],
                [0.889349, 0.3904, 0.238003, 0.124994, -0.211071, -0.111207, 0.971124, -0.002831, 0.405594, -0.913905, -0.0165, -1.2e-05, 0.0, 0.0, 0.0, 1.0],
                [0.88937, 0.390548, 0.237684, 0.124994, -0.211081, -0.110391, 0.971216, -0.002831, 0.405544, -0.913941, -0.015741, -1.2e-05, 0.0, 0.0, 0.0, 1.0],
                [0.88939, 0.390691, 0.237373, 0.124994, -0.211091, -0.109598, 0.971303, -0.002831, 0.405495, -0.913974, -0.015004, -1.2e-05, 0.0, 0.0, 0.0, 1.0],
                [0.88941, 0.39083, 0.237071, 0.124994, -0.2111, -0.10883, 0.971387, -0.002831, 0.405447, -0.914007, -0.01429, -1.2e-05, 0.0, 0.0, 0.0, 1.0],
                [0.889428, 0.390963, 0.236781, 0.124994, -0.211109, -0.108088, 0.971468, -0.002831, 0.405402, -0.914038, -0.013601, -1.2e-05, 0.0, 0.0, 0.0, 1.0],
                [0.889446, 0.391091, 0.236502, 0.124994, -0.211118, -0.107377, 0.971545, -0.002831, 0.405357, -0.914067, -0.01294, -1.2e-05, 0.0, 0.0, 0.0, 1.0],
                [0.889464, 0.391213, 0.236235, 0.124994, -0.211126, -0.106698, 0.971618, -0.002831, 0.405315, -0.914094, -0.012309, -1.2e-05, 0.0, 0.0, 0.0, 1.0],
                [0.88948, 0.391328, 0.235983, 0.124994, -0.211134, -0.106054, 0.971687, -0.002831, 0.405275, -0.91412, -0.01171, -1.2e-05, 0.0, 0.0, 0.0, 1.0],
                [0.889496, 0.391436, 0.235744, 0.124994, -0.211141, -0.105447, 0.971752, -0.002831, 0.405237, -0.914144, -0.011146, -1.2e-05, 0.0, 0.0, 0.0, 1.0],
                [0.88951, 0.391537, 0.235522, 0.124994, -0.211148, -0.10488, 0.971811, -0.002831, 0.405201, -0.914166, -0.010619, -1.2e-05, 0.0, 0.0, 0.0, 1.0],
                [0.889524, 0.391631, 0.235316, 0.124994, -0.211155, -0.104354, 0.971866, -0.002831, 0.405168, -0.914186, -0.010131, -1.2e-05, 0.0, 0.0, 0.0, 1.0],
                [0.889536, 0.391716, 0.235127, 0.124994, -0.211161, -0.103874, 0.971917, -0.002831, 0.405139, -0.914204, -0.009684, -1.2e-05, 0.0, 0.0, 0.0, 1.0],
                [0.889547, 0.391793, 0.234957, 0.124994, -0.211166, -0.10344, 0.971962, -0.002831, 0.405111, -0.914221, -0.009282, -1.2e-05, 0.0, 0.0, 0.0, 1.0],
                [0.889557, 0.391861, 0.234806, 0.124994, -0.211171, -0.103057, 0.972001, -0.002831, 0.405087, -0.914235, -0.008925, -1.2e-05, 0.0, 0.0, 0.0, 1.0],
                [0.889565, 0.391919, 0.234676, 0.124994, -0.211175, -0.102725, 0.972036, -0.002831, 0.405067, -0.914247, -0.008618, -1.2e-05, 0.0, 0.0, 0.0, 1.0],
                [0.889572, 0.391968, 0.234568, 0.124994, -0.211178, -0.102448, 0.972064, -0.002831, 0.405049, -0.914257, -0.00836, -1.2e-05, 0.0, 0.0, 0.0, 1.0],
                [0.889578, 0.392007, 0.234481, 0.124994, -0.211181, -0.102229, 0.972087, -0.002831, 0.405035, -0.914265, -0.008156, -1.2e-05, 0.0, 0.0, 0.0, 1.0],
                [0.889582, 0.392035, 0.234419, 0.124994, -0.211183, -0.102068, 0.972103, -0.002831, 0.405025, -0.914271, -0.008007, -1.2e-05, 0.0, 0.0, 0.0, 1.0],
                [0.889585, 0.392052, 0.23438, 0.124994, -0.211184, -0.101971, 0.972113, -0.002831, 0.405019, -0.914274, -0.007916, -1.2e-05, 0.0, 0.0, 0.0, 1.0],
                [0.889586, 0.392058, 0.234367, 0.124994, -0.211184, -0.101938, 0.972116, -0.002831, 0.405017, -0.914276, -0.007886, -1.2e-05, 0.0, 0.0, 0.0, 1.0]
            ]
        },
        {
            "name": "Leg_R",
            "time": [0.0, 0.0167, 0.0333, 0.05, 0.0667, 0.0833, 0.1, 0.1167, 0.1333, 0.15, 0.1667, 0.1833, 0.2, 0.2167, 0.2333, 0.25, 0.2667, 0.2833, 0.3, 0.3167, 0.3333, 0.35, 0.3667, 0.3833, 0.4, 0.4167, 0.4333, 0.45, 0.4667, 0.4833, 0.5, 0.5167, 0.5333, 0.55, 0.5667, 0.5833, 0.6, 0.6167, 0.6333, 0.65, 0.6667, 0.6833, 0.7, 0.7167, 0.7333, 0.75, 0.7667, 0.7833, 0.8, 0.8167, 0.8333, 0.85, 0.8667, 0.8833, 0.9, 0.9167, 0.9333, 0.95, 0.9667, 0.9833, 1.0, 1.0167, 1.0333, 1.05, 1.0667, 1.0833, 1.1, 1.1167, 1.1333, 1.15, 1.1667, 1.1833, 1.2, 1.2167, 1.2333, 1.25, 1.2667, 1.2833, 1.3, 1.3167, 1.3333, 1.35, 1.3667, 1.3833, 1.4, 1.4167, 1.4333, 1.45, 1.4667, 1.4833, 1.5, 1.5167, 1.5333, 1.55, 1.5667, 1.5833, 1.6, 1.6167, 1.6333, 1.65, 1.6667],
            "transform": [
                [1.0, -1e-06, 1e-06, 0.0, -0.0, 0.347919, 0.937525, 0.374726, -1e-06, -0.937524, 0.347919, 0.0, 0.0, 0.0, 0.0, 1.0],
                [1.0, -1e-06, 1e-06, -0.0, -0.0, 0.350449, 0.936582, 0.374726, -1e-06, -0.936582, 0.350449, -0.0, 0.0, 0.0, 0.0, 1.0],
                [1.0, -1e-06, 1e-06, -0.0, -0.0, 0.353067, 0.935598, 0.374726, -1e-06, -0.935598, 0.353067, 0.0, 0.0, 0.0, 0.0, 1.0],
                [1.0, -1e-06, 1e-06, -0.0, -0.0, 0.355757, 0.934578, 0.374726, -1e-06, -0.934578, 0.355757, 0.0, 0.0, 0.0, 0.0, 1.0],
                [1.0, -1e-06, 1e-06, -0.0, -0.0, 0.358507, 0.933527, 0.374726, -1e-06, -0.933527, 0.358507, 0.0, 0.0, 0.0, 0.0, 1.0],
                [1.0, -1e-06, 0.0, 0.0, -0.0, 0.361303, 0.932448, 0.374726, -1e-06, -0.932448, 0.361304, -0.0, 0.0, 0.0, 0.0, 1.0],
                [1.0, -1e-06, 0.0, -0.0, -0.0, 0.36413, 0.931348, 0.374726, -1e-06, -0.931347, 0.364131, 0.0, 0.0, 0.0, 0.0, 1.0],
                [1.0, -1e-06, 0.0, -0.0, -0.0, 0.366975, 0.930231, 0.374726, -1e-06, -0.930231, 0.366975, 0.0, 0.0, 0.0, 0.0, 1.0],
                [1.0, -1e-06, 0.0, 0.0, -0.0, 0.369822, 0.929103, 0.374726, -1e-06, -0.929102, 0.369822, 0.0, 0.0, 0.0, 0.0, 1.0],
                [1.0, -1e-06, 1e-06, -0.0, -0.0, 0.372658, 0.927968, 0.374726, -1e-06, -0.927968, 0.372659, 0.0, 0.0, 0.0, 0.0, 1.0],
                [1.0, -1e-06, 0.0, 0.0, -0.0, 0.375469, 0.926835, 0.374726, -1e-06, -0.926834, 0.375469, -0.0, 0.0, 0.0, 0.0, 1.0],
                [1.0, -1e-06, 1e-06, 0.0, -0.0, 0.378239, 0.925708, 0.374726, -1e-06, -0.925708, 0.378239, -0.0, 0.0, 0.0, 0.0, 1.0],
                [1.0, -1e-06, 0.0, -0.0, -0.0, 0.380954, 0.924594, 0.374726, -1e-06, -0.924593, 0.380955, 0.0, 0.0, 0.0, 0.0, 1.0],
                [1.0, -1e-06, 0.0, 0.0, -0.0, 0.383602, 0.923498, 0.374726, -1e-06, -0.923498, 0.383602, -0.0, 0.0, 0.0, 0.0, 1.0],
                [1.0, -1e-06, 0.0, 0.0, -0.0, 0.386166, 0.922429, 0.374726, -1e-06, -0.922429, 0.386166, 0.0, 0.0, 0.0, 0.0, 1.0],
                [1.0, -1e-06, 0.0, 0.0, -0.0, 0.388632, 0.921393, 0.374726, -1e-06, -0.921393, 0.388632, 0.0, 0.0, 0.0, 0.0, 1.0],
                [1.0, -1e-06, 1e-06, -0.0, -0.0, 0.390985, 0.920397, 0.374726, -1e-06, -0.920397, 0.390985, -0.0, 0.0, 0.0, 0.0, 1.0],
                [1.0, -1e-06, 1e-06, -0.0, -0.0, 0.393211, 0.919448, 0.374726, -1e-06, -0.919448, 0.393211, 0.0, 0.0, 0.0, 0.0, 1.0],
                [1.0, -1e-06, 1e-06, 0.0, -0.0, 0.395293, 0.918554, 0.374726, -1e-06, -0.918555, 0.395293, -0.0, 0.0, 0.0, 0.0, 1.0],
                [1.0, -1e-06, 0.0, 0.0, -0.0, 0.39722, 0.917723, 0.374726, -1e-06, -0.917723, 0.39722, 0.0, 0.0, 0.0, 0.0, 1.0],
                [1.0, -1e-06, 1e-06, -0.0, -0.0, 0.398974, 0.916962, 0.374726, -1e-06, -0.916961, 0.398975, 0.0, 0.0, 0.0, 0.0, 1.0],
                [1.0, -1e-06, 1e-06, 0.0, -0.0, 0.400543, 0.916277, 0.374726, -1e-06, -0.916277, 0.400544, 0.0, 0.0, 0.0, 0.0, 1.0],
                [1.0, -1e-06, 0.0, -0.0, -0.0, 0.401911, 0.915679, 0.374726, -1e-06, -0.915678, 0.401911, 0.0, 0.0, 0.0, 0.0, 1.0],
                [1.0, -1e-06, 1e-06, -0.0, -0.0, 0.403063, 0.915172, 0.374726, -1e-06, -0.915172, 0.403063, 0.0, 0.0, 0.0, 0.0, 1.0],
                [1.0, -1e-06, 1e-06, -0.0, -0.0, 0.403984, 0.914766, 0.374726, -1e-06, -0.914765, 0.403984, -0.0, 0.0, 0.0, 0.0, 1.0],
                [1.0, -1e-06, 1e-06, 0.0, -0.0, 0.40466, 0.914467, 0.374726, -1e-06, -0.914467, 0.404661, 0.0, 0.0, 0.0, 0.0, 1.0],
                [1.0, -1e-06, 1e-06, -0.0, -0.0, 0.405077, 0.914283, 0.374726, -1e-06, -0.914282, 0.405077, -0.0, 0.0, 0.0, 0.0, 1.0],
                [1.0, -1e-06, 0.0, 0.0, -0.0, 0.405219, 0.91422, 0.374726, -1e-06, -0.914219, 0.405219, 0.0, 0.0, 0.0, 0.0, 1.0],
                [1.0, -1e-06, 0.0, 0.0, -0.0, 0.405218, 0.91422, 0.374726, -1e-06, -0.91422, 0.405219, -0.0, 0.0, 0.0, 0.0, 1.0],
                [1.0, -1e-06, 1e-06, -0.0, -0.0, 0.405219, 0.91422, 0.374726, -1e-06, -0.914219, 0.405219, -0.0, 0.0, 0.0, 0.0, 1.0],
                [1.0, -1e-06, 1e-06, 0.0, -0.0, 0.405219, 0.914219, 0.374726, -1e-06, -0.914219, 0.405219, 0.0, 0.0, 0.0, 0.0, 1.0],
                [1.0, -1e-06, 0.0, -0.0, -0.0, 0.405218, 0.91422, 0.374726, -1e-06, -0.91422, 0.405219, 0.0, 0.0, 0.0, 0.0, 1.0],
                [1.0, -1e-06, 1e-06, -0.0, -0.0, 0.405219, 0.91422, 0.374726, -1e-06, -0.914219, 0.405219, -0.0, 0.0, 0.0, 0.0, 1.0],
                [1.0, -1e-06, 1e-06, 0.0, -0.0, 0.405219, 0.914219, 0.374726, -1e-06, -0.914219, 0.405219, 0.0, 0.0, 0.0, 0.0, 1.0],
                [1.0, -1e-06, 0.0, -0.0, -0.0, 0.405218, 0.91422, 0.374726, -1e-06, -0.91422, 0.405219, 0.0, 0.0, 0.0, 0.0, 1.0],
                [1.0, -1e-06, 1e-06, -0.0, -0.0, 0.405219, 0.91422, 0.374726, -1e-06, -0.914219, 0.405219, -0.0, 0.0, 0.0, 0.0, 1.0],
                [1.0, -1e-06, 1e-06, 0.0, -0.0, 0.405219, 0.914219, 0.374726, -1e-06, -0.914219, 0.405219, 0.0, 0.0, 0.0, 0.0, 1.0],
                [1.0, -1e-06, 0.0, -0.0, -0.0, 0.405218, 0.91422, 0.374726, -1e-06, -0.91422, 0.405219, 0.0, 0.0, 0.0, 0.0, 1.0],
                [1.0, -1e-06, 1e-06, -0.0, -0.0, 0.405219, 0.91422, 0.374726, -1e-06, -0.914219, 0.405219, -0.0, 0.0, 0.0, 0.0, 1.0],
                [1.0, -1e-06, 1e-06, 0.0, -0.0, 0.405219, 0.914219, 0.374726, -1e-06, -0.914219, 0.405219, 0.0, 0.0, 0.0, 0.0, 1.0],
                [1.0, -1e-06, 0.0, -0.0, -0.0, 0.405218, 0.91422, 0.374726, -1e-06, -0.91422, 0.405219, 0.0, 0.0, 0.0, 0.0, 1.0],
                [1.0, -1e-06, 1e-06, -0.0, -0.0, 0.405219, 0.91422, 0.374726, -1e-06, -0.914219, 0.405219, -0.0, 0.0, 0.0, 0.0, 1.0],
                [1.0, -1e-06, 1e-06, 0.0, -0.0, 0.405219, 0.914219, 0.374726, -1e-06, -0.914219, 0.405219, 0.0, 0.0, 0.0, 0.0, 1.0],
                [1.0, -1e-06, 0.0, -0.0, -0.0, 0.405218, 0.91422, 0.374726, -1e-06, -0.91422, 0.405219, 0.0, 0.0, 0.0, 0.0, 1.0],
                [1.0, -1e-06, 1e-06, -0.0, -0.0, 0.405203, 0.914226, 0.374726, -1e-06, -0.914226, 0.405203, 0.0, 0.0, 0.0, 0.0, 1.0],
                [1.0, -1e-06, 1e-06, 0.0, -0.0, 0.405151, 0.91425, 0.374726, -1e-06, -0.914249, 0.405151, -0.0, 0.0, 0.0, 0.0, 1.0],
                [1.0, -1e-06, 1e-06, 0.0, -0.0, 0.405056, 0.914292, 0.374726, -1e-06, -0.914292, 0.405057, 0.0, 0.0, 0.0, 0.0, 1.0],
                [1.0, -1e-06, 0.0, -0.0, -0.0, 0.404911, 0.914356, 0.374726, -1e-06, -0.914355, 0.404912, 0.0, 0.0, 0.0, 0.0, 1.0],
                [1.0, -1e-06, 1e-06, 0.0, -0.0, 0.404711, 0.914444, 0.374726, -1e-06, -0.914444, 0.404712, -0.0, 0.0, 0.0, 0.0, 1.0],
                [1.0, -1e-06, 0.0, 0.0, -0.0, 0.404448, 0.914561, 0.374726, -1e-06, -0.914561, 0.404448, 0.0, 0.0, 0.0, 0.0, 1.0],
                [1.0, -1e-06, 1e-06, 0.0, -0.0, 0.404115, 0.914708, 0.374726, -1e-06, -0.914708, 0.404115, 0.0, 0.0, 0.0, 0.0, 1.0],
                [1.0, -1e-06, 0.0, -0.0, -0.0, 0.403705, 0.914889, 0.374726, -1e-06, -0.914889, 0.403706, -0.0, 0.0, 0.0, 0.0, 1.0],
                [1.0, -1e-06, 1e-06, 0.0, -0.0, 0.403213, 0.915106, 0.374726, -1e-06, -0.915106, 0.403213, -0.0, 0.0, 0.0, 0.0, 1.0],
                [1.0, -1e-06, 0.0, -0.0, -0.0, 0.40263, 0.915362, 0.374726, -1e-06, -0.915362, 0.40263, 0.0, 0.0, 0.0, 0.0, 1.0],
                [1.0, -1e-06, 1e-06, -0.0, -0.0, 0.401953, 0.91566, 0.374726, -1e-06, -0.91566, 0.401953, -0.0, 0.0, 0.0, 0.0, 1.0],
