{
    "animation": [
        {
            "name": "Root",
            "time": [0.0, 0.0167, 0.0333, 0.05, 0.0667, 0.0833, 0.1, 0.1167, 0.1333, 0.15, 0.1667, 0.1833, 0.2, 0.2167, 0.2333, 0.25, 0.2667, 0.2833, 0.3, 0.3167, 0.3333, 0.35, 0.3667, 0.3833, 0.4, 0.4167, 0.4333, 0.45, 0.4667, 0.4833, 0.5, 0.5167, 0.5333, 0.55, 0.5667, 0.5833, 0.6, 0.6167, 0.6333, 0.65, 0.6667, 0.6833, 0.7, 0.7167, 0.7333, 0.75, 0.7667, 0.7833, 0.8, 0.8167, 0.8333, 0.85, 0.8667, 0.8833, 0.9, 0.9167, 0.9333, 0.95, 0.9667, 0.9833, 1.0, 1.0167, 1.0333, 1.05, 1.0667, 1.0833, 1.1, 1.1167, 1.1333, 1.15, 1.1667, 1.1833, 1.2, 1.2167, 1.2333, 1.25, 1.2667, 1.2833, 1.3, 1.3167, 1.3333, 1.35, 1.3667, 1.3833, 1.4, 1.4167, 1.4333, 1.45, 1.4667, 1.4833, 1.5, 1.5167, 1.5333, 1.55, 1.5667, 1.5833, 1.6, 1.6167, 1.6333, 1.65, 1.6667, 1.6833, 1.7, 1.7167, 1.7333, 1.75, 1.7667, 1.7833, 1.8, 1.8167, 1.8333, 1.85, 1.8667, 1.8833, 1.9, 1.9167, 1.9333, 1.95, 1.9667, 1.9833, 2.0, 2.0167, 2.0333, 2.05, 2.0667, 2.0833, 2.1, 2.1167, 2.1333, 2.15, 2.1667, 2.1833, 2.2, 2.2167, 2.2333, 2.25, 2.2667, 2.2833, 2.3, 2.3167, 2.3333, 2.35, 2.3667, 2.3833, 2.4, 2.4167, 2.4333, 2.45, 2.4667, 2.4833, 2.5, 2.5167, 2.5333, 2.55, 2.5667, 2.5833, 2.6, 2.6167, 2.6333, 2.65, 2.6667, 2.6833, 2.7, 2.7167, 2.7333, 2.75, 2.7667, 2.7833, 2.8, 2.8167, 2.8333, 2.85, 2.8667, 2.8833, 2.9, 2.9167, 2.9333, 2.95, 2.9667, 2.9833, 3.0],
            "transform": [
                [1.0, 0.0, 0.0, 0.002908, 0.0, 0.0, -1.0, 0.020462, 0.0, 1.0, 0.0, 0.749089, 0.0, 0.0, 0.0, 1.0],
                [1.0, 0.0, 0.0, 0.00287, 0.0, 0.001445, -0.999999, 0.020183, 0.0, 0.999999, 0.001445, 0.747743, 0.0, 0.0, 0.0, 1.0],
                [1.0, 0.0, 0.0, 0.002757, 0.0, 0.005625, -0.999984, 0.019368, 0.0, 0.999984, 0.005625, 0.743936, 0.0, 0.0, 0.0, 1.0],
                [1.0, 0.0, 0.0, 0.002572, 0.0, 0.01231, -0.999924, 0.01805, 0.0, 0.999924, 0.01231, 0.738022, 0.0, 0.0, 0.0, 1.0],
                [1.0, 0.0, 0.0, 0.002317, 0.0, 0.021271, -0.999774, 0.016261, 0.0, 0.999774, 0.021271, 0.73035, 0.0, 0.0, 0.0, 1.0],
                [1.0, 0.0, 0.0, 0.001996, 0.0, 0.032277, -0.999479, 0.014033, 0.0, 0.999479, 0.032277, 0.721273, 0.0, 0.0, 0.0, 1.0],
                [1.0, 0.0, 0.0, 0.00161, 0.0, 0.045096, -0.998983, 0.011398, 0.0, 0.998983, 0.045096, 0.711142, 0.0, 0.0, 0.0, 1.0],
                [1.0, 0.0, 0.0, 0.001163, 0.0, 0.059495, -0.998229, 0.008389, 0.0, 0.998229, 0.059495, 0.700308, 0.0, 0.0, 0.0, 1.0],
                [1.0, 0.0, 0.0, 0.000657, 0.0, 0.075236, -0.997166, 0.005038, 0.0, 0.997166, 0.075236, 0.689122, 0.0, 0.0, 0.0, 1.0],
                [1.0, 0.0, 0.0, 9.4e-05, 0.0, 0.092079, -0.995752, 0.001378, 0.0, 0.995752, 0.092079, 0.677935, 0.0, 0.0, 0.0, 1.0],
                [1.0, 0.0, 0.0, -0.000522, 0.0, 0.109783, -0.993956, -0.00256, 0.0, 0.993956, 0.109783, 0.6671, 0.0, 0.0, 0.0, 1.0],
                [1.0, 0.0, 0.0, -0.001189, 0.0, 0.128103, -0.991761, -0.006742, 0.0, 0.991761, 0.128103, 0.656904, 0.0, 0.0, 0.0, 1.0],
                [1.0, 0.0, 0.0, -0.001905, 0.0, 0.146794, -0.989167, -0.011138, 0.0, 0.989167, 0.146794, 0.647384, 0.0, 0.0, 0.0, 1.0],
                [1.0, 0.0, 0.0, -0.002667, 0.0, 0.165612, -0.986191, -0.015713, 0.0, 0.986191, 0.165612, 0.638517, 0.0, 0.0, 0.0, 1.0],
                [1.0, 0.0, 0.0, -0.003472, 0.0, 0.184315, -0.982867, -0.020437, 0.0, 0.982867, 0.184315, 0.630275, 0.0, 0.0, 0.0, 1.0],
                [1.0, 0.0, 0.0, -0.004318, 0.0, 0.202661, -0.979249, -0.025276, 0.0, 0.979249, 0.202661, 0.622635, 0.0, 0.0, 0.0, 1.0],
                [1.0, 0.0, 0.0, -0.005202, 0.0, 0.220416, -0.975406, -0.030198, 0.0, 0.975406, 0.220416, 0.615571, 0.0, 0.0, 0.0, 1.0],
                [1.0, 0.0, 0.0, -0.006121, 0.0, 0.237349, -0.971424, -0.035172, 0.0, 0.971424, 0.237349, 0.609057, 0.0, 0.0, 0.0, 1.0],
                [1.0, 0.0, 0.0, -0.007073, 0.0, 0.253234, -0.967405, -0.040164, 0.0, 0.967405, 0.253234, 0.603068, 0.0, 0.0, 0.0, 1.0],
                [1.0, 0.0, 0.0, -0.008054, 0.0, 0.267897, -0.963447, -0.045145, 0.0, 0.963447, 0.267897, 0.59758, 0.0, 0.0, 0.0, 1.0],
                [1.0, 0.0, 0.0, -0.00906, 0.0, 0.281352, -0.959605, -0.050096, 0.0, 0.959605, 0.281352, 0.592566, 0.0, 0.0, 0.0, 1.0],
                [1.0, 0.0, 0.0, -0.010084, 0.0, 0.293654, -0.955912, -0.055001, 0.0, 0.955912, 0.293654, 0.588002, 0.0, 0.0, 0.0, 1.0],
                [1.0, 0.0, 0.0, -0.011121, 0.0, 0.304862, -0.952397, -0.059844, 0.0, 0.952397, 0.304862, 0.583862, 0.0, 0.0, 0.0, 1.0],
                [1.0, 0.0, 0.0, -0.012164, 0.0, 0.315032, -0.949081, -0.064609, 0.0, 0.949081, 0.315032, 0.580121, 0.0, 0.0, 0.0, 1.0],
                [1.0, 0.0, 0.0, -0.013208, 0.0, 0.324222, -0.945981, -0.069279, 0.0, 0.945981, 0.324222, 0.576753, 0.0, 0.0, 0.0, 1.0],
                [1.0, 0.0, 0.0, -0.014248, 0.0, 0.332484, -0.943109, -0.073838, 0.0, 0.943109, 0.332484, 0.573734, 0.0, 0.0, 0.0, 1.0],
                [1.0, 0.0, 0.0, -0.015276, 0.0, 0.339875, -0.940471, -0.07827, 0.0, 0.940471, 0.339875, 0.571038, 0.0, 0.0, 0.0, 1.0],
                [1.0, 0.0, 0.0, -0.016287, 0.0, 0.346446, -0.93807, -0.082559, 0.0, 0.93807, 0.346446, 0.568641, 0.0, 0.0, 0.0, 1.0],
                [1.0, 0.0, 0.0, -0.017276, 0.0, 0.352249, -0.935906, -0.086689, 0.0, 0.935906, 0.352249, 0.566516, 0.0, 0.0, 0.0, 1.0],
                [1.0, 0.0, 0.0, -0.018236, 0.0, 0.357335, -0.933976, -0.090643, 0.0, 0.933976, 0.357335, 0.564638, 0.0, 0.0, 0.0, 1.0],
                [1.0, 0.0, 0.0, -0.019162, 0.0, 0.361754, -0.932274, -0.094405, 0.0, 0.932274, 0.361754, 0.562982, 0.0, 0.0, 0.0, 1.0],
                [1.0, 0.0, 0.0, -0.020047, 0.0, 0.365554, -0.93079, -0.097959, 0.0, 0.93079, 0.365554, 0.561523, 0.0, 0.0, 0.0, 1.0],
                [1.0, 0.0, 0.0, -0.020886, 0.0, 0.368785, -0.929515, -0.10129, 0.0, 0.929515, 0.368785, 0.560236, 0.0, 0.0, 0.0, 1.0],
                [1.0, 0.0, 0.0, -0.021673, 0.0, 0.371491, -0.928436, -0.10438, 0.0, 0.928436, 0.371491, 0.559095, 0.0, 0.0, 0.0, 1.0],
                [1.0, 0.0, 0.0, -0.022402, 0.0, 0.373722, -0.927541, -0.107213, 0.0, 0.927541, 0.373722, 0.558075, 0.0, 0.0, 0.0, 1.0],
                [1.0, 0.0, 0.0, -0.023068, 0.0, 0.375521, -0.926814, -0.109774, 0.0, 0.926814, 0.375521, 0.55715, 0.0, 0.0, 0.0, 1.0],
                [1.0, 0.0, 0.0, -0.023664, 0.0, 0.376936, -0.926239, -0.112045, 0.0, 0.926239, 0.376936, 0.556297, 0.0, 0.0, 0.0, 1.0],
                [1.0, 0.0, 0.0, -0.024184, 0.0, 0.378011, -0.925801, -0.114012, 0.0, 0.925801, 0.378011, 0.555492, 0.0, 0.0, 0.0, 1.0],
                [1.0, 0.0, 0.0, -0.024623, 0.0, 0.37879, -0.925483, -0.115658, 0.0, 0.925483, 0.37879, 0.554732, 0.0, 0.0, 0.0, 1.0],
                [1.0, 0.0, 0.0, -0.024974, 0.0, 0.379319, -0.925266, -0.116966, 0.0, 0.925266, 0.379319, 0.554015, 0.0, 0.0, 0.0, 1.0],
                [1.0, 0.0, 0.0, -0.025232, 0.0, 0.379642, -0.925133, -0.11792, 0.0, 0.925133, 0.379642, 0.553339, 0.0, 0.0, 0.0, 1.0],
                [1.0, 0.0, 0.0, -0.025392, 0.0, 0.379804, -0.925067, -0.118504, 0.0, 0.925067, 0.379804, 0.552703, 0.0, 0.0, 0.0, 1.0],
                [1.0, 0.0, 0.0, -0.025446, 0.0, 0.379848, -0.925049, -0.118703, 0.0, 0.925049, 0.379848, 0.552107, 0.0, 0.0, 0.0, 1.0],
                [1.0, 0.0, 0.0, -0.025427, 0.0, 0.379848, -0.925049, -0.118675, 0.0, 0.925049, 0.379848, 0.551549, 0.0, 0.0, 0.0, 1.0],
                [1.0, 0.0, 0.0, -0.025373, 0.0, 0.379848, -0.925049, -0.118595, 0.0, 0.925049, 0.379848, 0.551028, 0.0, 0.0, 0.0, 1.0],
                [1.0, 0.0, 0.0, -0.025286, 0.0, 0.379848, -0.925049, -0.118468, 0.0, 0.925049, 0.379848, 0.550542, 0.0, 0.0, 0.0, 1.0],
                [1.0, 0.0, 0.0, -0.02517, 0.0, 0.379848, -0.925049, -0.118297, 0.0, 0.925049, 0.379848, 0.550091, 0.0, 0.0, 0.0, 1.0],
                [1.0, 0.0, 0.0, -0.025028, 0.0, 0.379848, -0.925049, -0.118088, 0.0, 0.925049, 0.379848, 0.549673, 0.0, 0.0, 0.0, 1.0],
                [1.0, 0.0, 0.0, -0.024863, 0.0, 0.379848, -0.925049, -0.117844, 0.0, 0.925049, 0.379848, 0.549287, 0.0, 0.0, 0.0, 1.0],
                [1.0, 0.0, 0.0, -0.024677, 0.0, 0.379848, -0.925049, -0.117572, 0.0, 0.925049, 0.379848, 0.548932, 0.0, 0.0, 0.0, 1.0],
                [1.0, 0.0, 0.0, -0.024475, 0.0, 0.379848, -0.925049, -0.117274, 0.0, 0.925049, 0.379848, 0.548607, 0.0, 0.0, 0.0, 1.0],
                [1.0, 0.0, 0.0, -0.024258, 0.0, 0.379848, -0.925049, -0.116956, 0.0, 0.925049, 0.379848, 0.54831, 0.0, 0.0, 0.0, 1.0],
                [1.0, 0.0, 0.0, -0.024031, 0.0, 0.379848, -0.925049, -0.116621, 0.0, 0.925049, 0.379848, 0.548041, 0.0, 0.0, 0.0, 1.0],
                [1.0, 0.0, 0.0, -0.023796, 0.0, 0.379848, -0.925049, -0.116276, 0.0, 0.925049, 0.379848, 0.547797, 0.0, 0.0, 0.0, 1.0],
                [1.0, 0.0, 0.0, -0.023557, 0.0, 0.379848, -0.925049, -0.115924, 0.0, 0.925049, 0.379848, 0.547579, 0.0, 0.0, 0.0, 1.0],
                [1.0, 0.0, 0.0, -0.023315, 0.0, 0.379848, -0.925049, -0.115569, 0.0, 0.925049, 0.379848, 0.547384, 0.0, 0.0, 0.0, 1.0],
                [1.0, 0.0, 0.0, -0.023076, 0.0, 0.379848, -0.925049, -0.115217, 0.0, 0.925049, 0.379848, 0.547212, 0.0, 0.0, 0.0, 1.0],
                [1.0, 0.0, 0.0, -0.022841, 0.0, 0.379848, -0.925049, -0.114871, 0.0, 0.925049, 0.379848, 0.54706, 0.0, 0.0, 0.0, 1.0],
                [1.0, 0.0, 0.0, -0.022614, 0.0, 0.379848, -0.925049, -0.114537, 0.0, 0.925049, 0.379848, 0.546929, 0.0, 0.0, 0.0, 1.0],
                [1.0, 0.0, 0.0, -0.022397, 0.0, 0.379848, -0.925049, -0.114219, 0.0, 0.925049, 0.379848, 0.546817, 0.0, 0.0, 0.0, 1.0],
                [1.0, 0.0, 0.0, -0.022195, 0.0, 0.379848, -0.925049, -0.113921, 0.0, 0.925049, 0.379848, 0.546723, 0.0, 0.0, 0.0, 1.0],
                [1.0, 0.0, 0.0, -0.022009, 0.0, 0.379848, -0.925049, -0.113648, 0.0, 0.925049, 0.379848, 0.546645, 0.0, 0.0, 0.0, 1.0],
                [1.0, 0.0, 0.0, -0.021844, 0.0, 0.379848, -0.925049, -0.113405, 0.0, 0.925049, 0.379848, 0.546582, 0.0, 0.0, 0.0, 1.0],
                [1.0, 0.0, 0.0, -0.021702, 0.0, 0.379848, -0.925049, -0.113196, 0.0, 0.925049, 0.379848, 0.546533, 0.0, 0.0, 0.0, 1.0],
                [1.0, 0.0, 0.0, -0.021586, 0.0, 0.379848, -0.925049, -0.113025, 0.0, 0.925049, 0.379848, 0.546498, 0.0, 0.0, 0.0, 1.0],
                [1.0, 0.0, 0.0, -0.021499, 0.0, 0.379848, -0.925049, -0.112898, 0.0, 0.925049, 0.379848, 0.546474, 0.0, 0.0, 0.0, 1.0],
                [1.0, 0.0, 0.0, -0.021445, 0.0, 0.379848, -0.925049, -0.112818, 0.0, 0.925049, 0.379848, 0.54646, 0.0, 0.0, 0.0, 1.0],
                [1.0, 0.0, 0.0, -0.021426, 0.0, 0.379848, -0.925049, -0.11279, 0.0, 0.925049, 0.379848, 0.546456, 0.0, 0.0, 0.0, 1.0],
                [1.0, 0.0, 0.0, -0.021433, 0.0, 0.379848, -0.925049, -0.112801, 0.0, 0.925049, 0.379848, 0.546485, 0.0, 0.0, 0.0, 1.0],
                [1.0, 0.0, 0.0, -0.021455, 0.0, 0.379848, -0.925049, -0.112833, 0.0, 0.925049, 0.379848, 0.54657, 0.0, 0.0, 0.0, 1.0],
                [1.0, 0.0, 0.0, -0.02149, 0.0, 0.379848, -0.925049, -0.112885, 0.0, 0.925049, 0.379848, 0.546709, 0.0, 0.0, 0.0, 1.0],
                [1.0, 0.0, 0.0, -0.021539, 0.0, 0.379848, -0.925049, -0.112956, 0.0, 0.925049, 0.379848, 0.546898, 0.0, 0.0, 0.0, 1.0],
                [1.0, 0.0, 0.0, -0.021599, 0.0, 0.379848, -0.925049, -0.113044, 0.0, 0.925049, 0.379848, 0.547135, 0.0, 0.0, 0.0, 1.0],
                [1.0, 0.0, 0.0, -0.02167, 0.0, 0.379848, -0.925049, -0.113149, 0.0, 0.925049, 0.379848, 0.547416, 0.0, 0.0, 0.0, 1.0],
                [1.0, 0.0, 0.0, -0.021752, 0.0, 0.379848, -0.925049, -0.11327, 0.0, 0.925049, 0.379848, 0.547738, 0.0, 0.0, 0.0, 1.0],
                [1.0, 0.0, 0.0, -0.021844, 0.0, 0.379848, -0.925049, -0.113405, 0.0, 0.925049, 0.379848, 0.548099, 0.0, 0.0, 0.0, 1.0],
                [1.0, 0.0, 0.0, -0.021945, 0.0, 0.379848, -0.925049, -0.113553, 0.0, 0.925049, 0.379848, 0.548496, 0.0, 0.0, 0.0, 1.0],
                [1.0, 0.0, 0.0, -0.022054, 0.0, 0.379848, -0.925049, -0.113714, 0.0, 0.925049, 0.379848, 0.548925, 0.0, 0.0, 0.0, 1.0],
                [1.0, 0.0, 0.0, -0.022171, 0.0, 0.379848, -0.925049, -0.113886, 0.0, 0.925049, 0.379848, 0.549384, 0.0, 0.0, 0.0, 1.0],
                [1.0, 0.0, 0.0, -0.022294, 0.0, 0.379848, -0.925049, -0.114067, 0.0, 0.925049, 0.379848, 0.549869, 0.0, 0.0, 0.0, 1.0],
                [1.0, 0.0, 0.0, -0.022424, 0.0, 0.379848, -0.925049, -0.114258, 0.0, 0.925049, 0.379848, 0.550378, 0.0, 0.0, 0.0, 1.0],
                [1.0, 0.0, 0.0, -0.022559, 0.0, 0.379848, -0.925049, -0.114456, 0.0, 0.925049, 0.379848, 0.550908, 0.0, 0.0, 0.0, 1.0],
                [1.0, 0.0, 0.0, -0.022698, 0.0, 0.379848, -0.925049, -0.114661, 0.0, 0.925049, 0.379848, 0.551456, 0.0, 0.0, 0.0, 1.0],
                [1.0, 0.0, 0.0, -0.022841, 0.0, 0.379848, -0.925049, -0.114871, 0.0, 0.925049, 0.379848, 0.552018, 0.0, 0.0, 0.0, 1.0],
                [1.0, 0.0, 0.0, -0.022987, 0.0, 0.379848, -0.925049, -0.115086, 0.0, 0.925049, 0.379848, 0.552592, 0.0, 0.0, 0.0, 1.0],
                [1.0, 0.0, 0.0, -0.023136, 0.0, 0.379848, -0.925049, -0.115304, 0.0, 0.925049, 0.379848, 0.553176, 0.0, 0.0, 0.0, 1.0],
                [1.0, 0.0, 0.0, -0.023285, 0.0, 0.379848, -0.925049, -0.115525, 0.0, 0.925049, 0.379848, 0.553765, 0.0, 0.0, 0.0, 1.0],
                [1.0, 0.0, 0.0, -0.023436, 0.0, 0.379848, -0.925049, -0.115746, 0.0, 0.925049, 0.379848, 0.554357, 0.0, 0.0, 0.0, 1.0],
                [1.0, 0.0, 0.0, -0.023587, 0.0, 0.379848, -0.925049, -0.115968, 0.0, 0.925049, 0.379848, 0.554949, 0.0, 0.0, 0.0, 1.0],
                [1.0, 0.0, 0.0, -0.023737, 0.0, 0.379848, -0.925049, -0.116188, 0.0, 0.925049, 0.379848, 0.555538, 0.0, 0.0, 0.0, 1.0],
                [1.0, 0.0, 0.0, -0.023885, 0.0, 0.379848, -0.925049, -0.116407, 0.0, 0.925049, 0.379848, 0.556121, 0.0, 0.0, 0.0, 1.0],
                [1.0, 0.0, 0.0, -0.024031, 0.0, 0.379848, -0.925049, -0.116621, 0.0, 0.925049, 0.379848, 0.556696, 0.0, 0.0, 0.0, 1.0],
                [1.0, 0.0, 0.0, -0.024174, 0.0, 0.379848, -0.925049, -0.116832, 0.0, 0.925049, 0.379848, 0.557258, 0.0, 0.0, 0.0, 1.0],
                [1.0, 0.0, 0.0, -0.024313, 0.0, 0.379848, -0.925049, -0.117037, 0.0, 0.925049, 0.379848, 0.557806, 0.0, 0.0, 0.0, 1.0],
                [1.0, 0.0, 0.0, -0.024448, 0.0, 0.379848, -0.925049, -0.117235, 0.0, 0.925049, 0.379848, 0.558336, 0.0, 0.0, 0.0, 1.0],
                [1.0, 0.0, 0.0, -0.024578, 0.0, 0.379848, -0.925049, -0.117426, 0.0, 0.925049, 0.379848, 0.558845, 0.0, 0.0, 0.0, 1.0],
                [1.0, 0.0, 0.0, -0.024701, 0.0, 0.379848, -0.925049, -0.117607, 0.0, 0.925049, 0.379848, 0.55933, 0.0, 0.0, 0.0, 1.0],
                [1.0, 0.0, 0.0, -0.024818, 0.0, 0.379848, -0.925049, -0.117779, 0.0, 0.925049, 0.379848, 0.559789, 0.0, 0.0, 0.0, 1.0],
                [1.0, 0.0, 0.0, -0.024927, 0.0, 0.379848, -0.925049, -0.117939, 0.0, 0.925049, 0.379848, 0.560218, 0.0, 0.0, 0.0, 1.0],
                [1.0, 0.0, 0.0, -0.025028, 0.0, 0.379848, -0.925049, -0.118088, 0.0, 0.925049, 0.379848, 0.560615, 0.0, 0.0, 0.0, 1.0],
                [1.0, 0.0, 0.0, -0.02512, 0.0, 0.379848, -0.925049, -0.118223, 0.0, 0.925049, 0.379848, 0.560976, 0.0, 0.0, 0.0, 1.0],
                [1.0, 0.0, 0.0, -0.025202, 0.0, 0.379848, -0.925049, -0.118344, 0.0, 0.925049, 0.379848, 0.561298, 0.0, 0.0, 0.0, 1.0],
                [1.0, 0.0, 0.0, -0.025273, 0.0, 0.379848, -0.925049, -0.118449, 0.0, 0.925049, 0.379848, 0.561579, 0.0, 0.0, 0.0, 1.0],
                [1.0, 0.0, 0.0, -0.025333, 0.0, 0.379848, -0.925049, -0.118537, 0.0, 0.925049, 0.379848, 0.561816, 0.0, 0.0, 0.0, 1.0],
                [1.0, 0.0, 0.0, -0.025382, 0.0, 0.379848, -0.925049, -0.118608, 0.0, 0.925049, 0.379848, 0.562005, 0.0, 0.0, 0.0, 1.0],
                [1.0, 0.0, 0.0, -0.025417, 0.0, 0.379848, -0.925049, -0.11866, 0.0, 0.925049, 0.379848, 0.562143, 0.0, 0.0, 0.0, 1.0],
                [1.0, 0.0, 0.0, -0.025439, 0.0, 0.379848, -0.925049, -0.118692, 0.0, 0.925049, 0.379848, 0.562229, 0.0, 0.0, 0.0, 1.0],
                [1.0, 0.0, 0.0, -0.025446, 0.0, 0.379848, -0.925049, -0.118703, 0.0, 0.925049, 0.379848, 0.562258, 0.0, 0.0, 0.0, 1.0],
                [1.0, 0.0, 0.0, -0.025446, 0.0, 0.379848, -0.925049, -0.118703, 0.0, 0.925049, 0.379848, 0.562258, 0.0, 0.0, 0.0, 1.0],
                [1.0, 0.0, 0.0, -0.025446, 0.0, 0.379848, -0.925049, -0.118703, 0.0, 0.925049, 0.379848, 0.562258, 0.0, 0.0, 0.0, 1.0],
                [1.0, 0.0, 0.0, -0.025446, 0.0, 0.379848, -0.925049, -0.118703, 0.0, 0.925049, 0.379848, 0.562258, 0.0, 0.0, 0.0, 1.0],
                [1.0, 0.0, 0.0, -0.025446, 0.0, 0.379848, -0.925049, -0.118703, 0.0, 0.925049, 0.379848, 0.562258, 0.0, 0.0, 0.0, 1.0],
                [1.0, 0.0, 0.0, -0.025446, 0.0, 0.379848, -0.925049, -0.118703, 0.0, 0.925049, 0.379848, 0.562258, 0.0, 0.0, 0.0, 1.0],
                [1.0, 0.0, 0.0, -0.025446, 0.0, 0.379848, -0.925049, -0.118703, 0.0, 0.925049, 0.379848, 0.562258, 0.0, 0.0, 0.0, 1.0],
                [1.0, 0.0, 0.0, -0.025446, 0.0, 0.379848, -0.925049, -0.118703, 0.0, 0.925049, 0.379848, 0.562258, 0.0, 0.0, 0.0, 1.0],
                [1.0, 0.0, 0.0, -0.025446, 0.0, 0.379848, -0.925049, -0.118703, 0.0, 0.925049, 0.379848, 0.562258, 0.0, 0.0, 0.0, 1.0],
                [1.0, 0.0, 0.0, -0.025446, 0.0, 0.379848, -0.925049, -0.118703, 0.0, 0.925049, 0.379848, 0.562258, 0.0, 0.0, 0.0, 1.0],
                [1.0, 0.0, 0.0, -0.025446, 0.0, 0.379848, -0.925049, -0.118703, 0.0, 0.925049, 0.379848, 0.562258, 0.0, 0.0, 0.0, 1.0],
                [1.0, 0.0, 0.0, -0.025446, 0.0, 0.379848, -0.925049, -0.118703, 0.0, 0.925049, 0.379848, 0.562258, 0.0, 0.0, 0.0, 1.0],
                [1.0, 0.0, 0.0, -0.025446, 0.0, 0.379848, -0.925049, -0.118703, 0.0, 0.925049, 0.379848, 0.562258, 0.0, 0.0, 0.0, 1.0],
                [1.0, 0.0, 0.0, -0.025446, 0.0, 0.379848, -0.925049, -0.118703, 0.0, 0.925049, 0.379848, 0.562258, 0.0, 0.0, 0.0, 1.0],
                [1.0, 0.0, 0.0, -0.025446, 0.0, 0.379848, -0.925049, -0.118703, 0.0, 0.925049, 0.379848, 0.562258, 0.0, 0.0, 0.0, 1.0],
                [1.0, 0.0, 0.0, -0.025446, 0.0, 0.379848, -0.925049, -0.118703, 0.0, 0.925049, 0.379848, 0.562258, 0.0, 0.0, 0.0, 1.0],
                [1.0, 0.0, 0.0, -0.025446, 0.0, 0.379848, -0.925049, -0.118703, 0.0, 0.925049, 0.379848, 0.562258, 0.0, 0.0, 0.0, 1.0],
                [1.0, 0.0, 0.0, -0.025445, 0.0, 0.379848, -0.925049, -0.118701, 0.0, 0.925049, 0.379848, 0.562255, 0.0, 0.0, 0.0, 1.0],
                [1.0, 0.0, 0.0, -0.025443, 0.0, 0.379848, -0.925049, -0.118698, 0.0, 0.925049, 0.379848, 0.562244, 0.0, 0.0, 0.0, 1.0],
                [1.0, 0.0, 0.0, -0.025438, 0.0, 0.379848, -0.925049, -0.11869, 0.0, 0.925049, 0.379848, 0.562225, 0.0, 0.0, 0.0, 1.0],
                [1.0, 0.0, 0.0, -0.02543, 0.0, 0.379848, -0.925049, -0.118679, 0.0, 0.925049, 0.379848, 0.562195, 0.0, 0.0, 0.0, 1.0],
                [1.0, 0.0, 0.0, -0.02542, 0.0, 0.379848, -0.925049, -0.118664, 0.0, 0.925049, 0.379848, 0.562154, 0.0, 0.0, 0.0, 1.0],
                [1.0, 0.0, 0.0, -0.025406, 0.0, 0.379848, -0.925049, -0.118644, 0.0, 0.925049, 0.379848, 0.5621, 0.0, 0.0, 0.0, 1.0],
                [1.0, 0.0, 0.0, -0.025388, 0.0, 0.379848, -0.925049, -0.118618, 0.0, 0.925049, 0.379848, 0.562031, 0.0, 0.0, 0.0, 1.0],
                [1.0, 0.0, 0.0, -0.025367, 0.0, 0.379848, -0.925049, -0.118586, 0.0, 0.925049, 0.379848, 0.561947, 0.0, 0.0, 0.0, 1.0],
                [1.0, 0.0, 0.0, -0.025341, 0.0, 0.379848, -0.925049, -0.118549, 0.0, 0.925049, 0.379848, 0.561846, 0.0, 0.0, 0.0, 1.0],
                [1.0, 0.0, 0.0, -0.025311, 0.0, 0.379848, -0.925049, -0.118504, 0.0, 0.925049, 0.379848, 0.561727, 0.0, 0.0, 0.0, 1.0],
                [1.0, 0.0, 0.0, -0.025276, 0.0, 0.379848, -0.925049, -0.118452, 0.0, 0.925049, 0.379848, 0.561588, 0.0, 0.0, 0.0, 1.0],
                [1.0, 0.0, 0.0, -0.025235, 0.0, 0.379848, -0.925049, -0.118393, 0.0, 0.925049, 0.379848, 0.56143, 0.0, 0.0, 0.0, 1.0],
                [1.0, 0.0, 0.0, -0.025191, 0.0, 0.379848, -0.925049, -0.118327, 0.0, 0.925049, 0.379848, 0.561254, 0.0, 0.0, 0.0, 1.0],
                [1.0, 0.0, 0.0, -0.025142, 0.0, 0.379848, -0.925049, -0.118255, 0.0, 0.925049, 0.379848, 0.561061, 0.0, 0.0, 0.0, 1.0],
                [1.0, 0.0, 0.0, -0.025089, 0.0, 0.379848, -0.925049, -0.118177, 0.0, 0.925049, 0.379848, 0.560853, 0.0, 0.0, 0.0, 1.0],
                [1.0, 0.0, 0.0, -0.025032, 0.0, 0.379848, -0.925049, -0.118093, 0.0, 0.925049, 0.379848, 0.560629, 0.0, 0.0, 0.0, 1.0],
                [1.0, 0.0, 0.0, -0.024971, 0.0, 0.379848, -0.925049, -0.118004, 0.0, 0.925049, 0.379848, 0.560391, 0.0, 0.0, 0.0, 1.0],
                [1.0, 0.0, 0.0, -0.024907, 0.0, 0.379848, -0.925049, -0.11791, 0.0, 0.925049, 0.379848, 0.56014, 0.0, 0.0, 0.0, 1.0],
                [1.0, 0.0, 0.0, -0.02484, 0.0, 0.379848, -0.925049, -0.117812, 0.0, 0.925049, 0.379848, 0.559877, 0.0, 0.0, 0.0, 1.0],
                [1.0, 0.0, 0.0, -0.024771, 0.0, 0.379848, -0.925049, -0.117709, 0.0, 0.925049, 0.379848, 0.559603, 0.0, 0.0, 0.0, 1.0],
                [1.0, 0.0, 0.0, -0.024698, 0.0, 0.379848, -0.925049, -0.117603, 0.0, 0.925049, 0.379848, 0.559319, 0.0, 0.0, 0.0, 1.0],
                [1.0, 0.0, 0.0, -0.024624, 0.0, 0.379848, -0.925049, -0.117493, 0.0, 0.925049, 0.379848, 0.559025, 0.0, 0.0, 0.0, 1.0],
                [1.0, 0.0, 0.0, -0.024547, 0.0, 0.379848, -0.925049, -0.11738, 0.0, 0.925049, 0.379848, 0.558723, 0.0, 0.0, 0.0, 1.0],
                [1.0, 0.0, 0.0, -0.024468, 0.0, 0.379848, -0.925049, -0.117264, 0.0, 0.925049, 0.379848, 0.558414, 0.0, 0.0, 0.0, 1.0],
                [1.0, 0.0, 0.0, -0.024388, 0.0, 0.379848, -0.925049, -0.117146, 0.0, 0.925049, 0.379848, 0.558098, 0.0, 0.0, 0.0, 1.0],
                [1.0, 0.0, 0.0, -0.024306, 0.0, 0.379848, -0.925049, -0.117026, 0.0, 0.925049, 0.379848, 0.557777, 0.0, 0.0, 0.0, 1.0],
                [1.0, 0.0, 0.0, -0.024223, 0.0, 0.379848, -0.925049, -0.116904, 0.0, 0.925049, 0.379848, 0.557451, 0.0, 0.0, 0.0, 1.0],
                [1.0, 0.0, 0.0, -0.02414, 0.0, 0.379848, -0.925049, -0.116781, 0.0, 0.925049, 0.379848, 0.557122, 0.0, 0.0, 0.0, 1.0],
                [1.0, 0.0, 0.0, -0.024055, 0.0, 0.379848, -0.925049, -0.116657, 0.0, 0.925049, 0.379848, 0.556791, 0.0, 0.0, 0.0, 1.0],
                [1.0, 0.0, 0.0, -0.02397, 0.0, 0.379848, -0.925049, -0.116532, 0.0, 0.925049, 0.379848, 0.556458, 0.0, 0.0, 0.0, 1.0],
                [1.0, 0.0, 0.0, -0.023885, 0.0, 0.379848, -0.925049, -0.116408, 0.0, 0.925049, 0.379848, 0.556124, 0.0, 0.0, 0.0, 1.0],
                [1.0, 0.0, 0.0, -0.023801, 0.0, 0.379848, -0.925049, -0.116283, 0.0, 0.925049, 0.379848, 0.55579, 0.0, 0.0, 0.0, 1.0],
                [1.0, 0.0, 0.0, -0.023716, 0.0, 0.379848, -0.925049, -0.116159, 0.0, 0.925049, 0.379848, 0.555458, 0.0, 0.0, 0.0, 1.0],
                [1.0, 0.0, 0.0, -0.023632, 0.0, 0.379848, -0.925049, -0.116035, 0.0, 0.925049, 0.379848, 0.555128, 0.0, 0.0, 0.0, 1.0],
                [1.0, 0.0, 0.0, -0.023549, 0.0, 0.379848, -0.925049, -0.115913, 0.0, 0.925049, 0.379848, 0.554802, 0.0, 0.0, 0.0, 1.0],
                [1.0, 0.0, 0.0, -0.023467, 0.0, 0.379848, -0.925049, -0.115792, 0.0, 0.925049, 0.379848, 0.554479, 0.0, 0.0, 0.0, 1.0],
                [1.0, 0.0, 0.0, -0.023386, 0.0, 0.379848, -0.925049, -0.115674, 0.0, 0.925049, 0.379848, 0.554162, 0.0, 0.0, 0.0, 1.0],
                [1.0, 0.0, 0.0, -0.023307, 0.0, 0.379848, -0.925049, -0.115557, 0.0, 0.925049, 0.379848, 0.553851, 0.0, 0.0, 0.0, 1.0],
                [1.0, 0.0, 0.0, -0.02323, 0.0, 0.379848, -0.925049, -0.115443, 0.0, 0.925049, 0.379848, 0.553547, 0.0, 0.0, 0.0, 1.0],
                [1.0, 0.0, 0.0, -0.023155, 0.0, 0.379848, -0.925049, -0.115333, 0.0, 0.925049, 0.379848, 0.553251, 0.0, 0.0, 0.0, 1.0],
                [1.0, 0.0, 0.0, -0.023082, 0.0, 0.379848, -0.925049, -0.115225, 0.0, 0.925049, 0.379848, 0.552964, 0.0, 0.0, 0.0, 1.0],
                [1.0, 0.0, 0.0, -0.023011, 0.0, 0.379848, -0.925049, -0.115122, 0.0, 0.925049, 0.379848, 0.552687, 0.0, 0.0, 0.0, 1.0],
                [1.0, 0.0, 0.0, -0.022943, 0.0, 0.379848, -0.925049, -0.115022, 0.0, 0.925049, 0.379848, 0.552421, 0.0, 0.0, 0.0, 1.0],
                [1.0, 0.0, 0.0, -0.022879, 0.0, 0.379848, -0.925049, -0.114927, 0.0, 0.925049, 0.379848, 0.552166, 0.0, 0.0, 0.0, 1.0],
                [1.0, 0.0, 0.0, -0.022817, 0.0, 0.379848, -0.925049, -0.114836, 0.0, 0.925049, 0.379848, 0.551925, 0.0, 0.0, 0.0, 1.0],
                [1.0, 0.0, 0.0, -0.022759, 0.0, 0.379848, -0.925049, -0.114751, 0.0, 0.925049, 0.379848, 0.551697, 0.0, 0.0, 0.0, 1.0],
                [1.0, 0.0, 0.0, -0.022705, 0.0, 0.379848, -0.925049, -0.114672, 0.0, 0.925049, 0.379848, 0.551484, 0.0, 0.0, 0.0, 1.0],
                [1.0, 0.0, 0.0, -0.022655, 0.0, 0.379848, -0.925049, -0.114598, 0.0, 0.925049, 0.379848, 0.551287, 0.0, 0.0, 0.0, 1.0],
                [1.0, 0.0, 0.0, -0.022609, 0.0, 0.379848, -0.925049, -0.11453, 0.0, 0.925049, 0.379848, 0.551107, 0.0, 0.0, 0.0, 1.0],
                [1.0, 0.0, 0.0, -0.022568, 0.0, 0.379848, -0.925049, -0.114469, 0.0, 0.925049, 0.379848, 0.550944, 0.0, 0.0, 0.0, 1.0],
                [1.0, 0.0, 0.0, -0.022531, 0.0, 0.379848, -0.925049, -0.114415, 0.0, 0.925049, 0.379848, 0.550799, 0.0, 0.0, 0.0, 1.0],
                [1.0, 0.0, 0.0, -0.022499, 0.0, 0.379848, -0.925049, -0.114369, 0.0, 0.925049, 0.379848, 0.550675, 0.0, 0.0, 0.0, 1.0],
                [1.0, 0.0, 0.0, -0.022473, 0.0, 0.379848, -0.925049, -0.11433, 0.0, 0.925049, 0.379848, 0.550571, 0.0, 0.0, 0.0, 1.0],
                [1.0, 0.0, 0.0, -0.022452, 0.0, 0.379848, -0.925049, -0.114299, 0.0, 0.925049, 0.379848, 0.550488, 0.0, 0.0, 0.0, 1.0],
                [1.0, 0.0, 0.0, -0.022436, 0.0, 0.379848, -0.925049, -0.114276, 0.0, 0.925049, 0.379848, 0.550428, 0.0, 0.0, 0.0, 1.0],
                [1.0, 0.0, 0.0, -0.022427, 0.0, 0.379848, -0.925049, -0.114262, 0.0, 0.925049, 0.379848, 0.550391, 0.0, 0.0, 0.0, 1.0],
                [1.0, 0.0, 0.0, -0.022424, 0.0, 0.379848, -0.925049, -0.114258, 0.0, 0.925049, 0.379848, 0.550378, 0.0, 0.0, 0.0, 1.0]
            ]
        },
        {
            "name": "Thigh_R",
            "time": [0.0, 0.0167, 0.0333, 0.05, 0.0667, 0.0833, 0.1, 0.1167, 0.1333, 0.15, 0.1667, 0.1833, 0.2, 0.2167, 0.2333, 0.25, 0.2667, 0.2833, 0.3, 0.3167, 0.3333, 0.35, 0.3667, 0.3833, 0.4, 0.4167, 0.4333, 0.45, 0.4667, 0.4833, 0.5, 0.5167, 0.5333, 0.55, 0.5667, 0.5833, 0.6, 0.6167, 0.6333, 0.65, 0.6667, 0.6833, 0.7, 0.7167, 0.7333, 0.75, 0.7667, 0.7833, 0.8, 0.8167, 0.8333, 0.85, 0.8667, 0.8833, 0.9, 0.9167, 0.9333, 0.95, 0.9667, 0.9833, 1.0, 1.0167, 1.0333, 1.05, 1.0667, 1.0833, 1.1, 1.1167, 1.1333, 1.15, 1.1667, 1.1833, 1.2, 1.2167, 1.2333, 1.25, 1.2667, 1.2833, 1.3, 1.3167, 1.3333, 1.35, 1.3667, 1.3833, 1.4, 1.4167, 1.4333, 1.45, 1.4667, 1.4833, 1.5, 1.5167, 1.5333, 1.55, 1.5667, 1.5833, 1.6, 1.6167, 1.6333, 1.65, 1.6667, 1.6833, 1.7, 1.7167, 1.7333, 1.75, 1.7667, 1.7833, 1.8, 1.8167, 1.8333, 1.85, 1.8667, 1.8833, 1.9, 1.9167, 1.9333, 1.95, 1.9667, 1.9833, 2.0, 2.0167, 2.0333, 2.05, 2.0667, 2.0833, 2.1, 2.1167, 2.1333, 2.15, 2.1667, 2.1833, 2.2, 2.2167, 2.2333, 2.25, 2.2667, 2.2833, 2.3, 2.3167, 2.3333, 2.35, 2.3667, 2.3833, 2.4, 2.4167, 2.4333, 2.45, 2.4667, 2.4833, 2.5, 2.5167, 2.5333, 2.55, 2.5667, 2.5833, 2.6, 2.6167, 2.6333, 2.65, 2.6667, 2.6833, 2.7, 2.7167, 2.7333, 2.75, 2.7667, 2.7833, 2.8, 2.8167, 2.8333, 2.85, 2.8667, 2.8833, 2.9, 2.9167, 2.9333, 2.95, 2.9667, 2.9833, 3.0],
            "transform": [
                [0.924131, 0.186204, 0.333632, 0.124994, 0.037459, -0.913157, 0.405884, -0.002831, 0.380235, -0.362592, -0.850851, -1.2e-05, 0.0, 0.0, 0.0, 1.0],
                [0.924162, 0.188556, 0.332223, 0.124994, 0.036911, -0.909697, 0.413628, -0.002831, 0.380214, -0.369997, -0.847666, -1.2e-05, 0.0, 0.0, 0.0, 1.0],
                [0.924254, 0.194885, 0.328291, 0.124994, 0.035322, -0.899861, 0.434745, -0.002831, 0.380142, -0.390219, -0.838583, -1.2e-05, 0.0, 0.0, 0.0, 1.0],
                [0.924408, 0.203939, 0.322304, 0.124994, 0.032776, -0.884391, 0.465596, -0.002831, 0.379995, -0.419837, -0.824221, -1.2e-05, 0.0, 0.0, 0.0, 1.0],
                [0.924624, 0.214565, 0.314694, 0.124994, 0.02936, -0.863919, 0.502775, -0.002831, 0.379747, -0.455638, -0.805099, -1.2e-05, 0.0, 0.0, 0.0, 1.0],
                [0.924904, 0.225872, 0.305834, 0.124994, 0.025163, -0.839004, 0.543543, -0.002831, 0.379368, -0.495029, -0.781681, -1.2e-05, 0.0, 0.0, 0.0, 1.0],
                [0.925247, 0.237221, 0.296048, 0.124994, 0.020277, -0.810186, 0.585823, -0.002831, 0.378823, -0.536027, -0.754432, -1.2e-05, 0.0, 0.0, 0.0, 1.0],
                [0.925653, 0.248158, 0.285628, 0.124994, 0.014796, -0.778048, 0.628031, -0.002831, 0.378083, -0.577113, -0.723874, -1.2e-05, 0.0, 0.0, 0.0, 1.0],
                [0.926124, 0.258364, 0.274849, 0.124994, 0.008815, -0.743244, 0.668962, -0.002831, 0.377116, -0.617119, -0.690613, -1.2e-05, 0.0, 0.0, 0.0, 1.0],
                [0.926658, 0.26761, 0.263988, 0.124994, 0.002433, -0.706529, 0.70768, -0.002831, 0.375897, -0.655135, -0.655362, -1.2e-05, 0.0, 0.0, 0.0, 1.0],
                [0.927256, 0.275725, 0.253322, 0.124994, -0.004249, -0.668764, 0.743462, -0.002831, 0.374404, -0.690457, -0.618944, -1.2e-05, 0.0, 0.0, 0.0, 1.0],
                [0.927915, 0.282635, 0.243089, 0.124994, -0.01113, -0.630781, 0.775881, -0.002831, 0.372627, -0.722657, -0.582165, -1.2e-05, 0.0, 0.0, 0.0, 1.0],
                [0.928622, 0.288472, 0.233334, 0.124994, -0.018101, -0.592915, 0.805062, -0.002831, 0.370585, -0.751822, -0.545372, -1.2e-05, 0.0, 0.0, 0.0, 1.0],
                [0.929365, 0.293393, 0.224057, 0.124994, -0.025057, -0.5554, 0.831206, -0.002831, 0.368311, -0.778108, -0.508817, -1.2e-05, 0.0, 0.0, 0.0, 1.0],
                [0.93013, 0.297524, 0.215263, 0.124994, -0.031899, -0.518506, 0.854479, -0.002831, 0.365842, -0.801644, -0.472787, -1.2e-05, 0.0, 0.0, 0.0, 1.0],
                [0.930904, 0.300976, 0.206958, 0.124994, -0.038533, -0.482518, 0.875038, -0.002831, 0.363227, -0.822551, -0.43758, -1.2e-05, 0.0, 0.0, 0.0, 1.0],
                [0.931674, 0.303848, 0.199149, 0.124994, -0.044872, -0.447731, 0.893041, -0.002831, 0.360514, -0.84096, -0.403504, -1.2e-05, 0.0, 0.0, 0.0, 1.0],
                [0.932429, 0.306226, 0.19184, 0.124994, -0.050839, -0.414441, 0.908655, -0.002831, 0.35776, -0.857009, -0.370868, -1.2e-05, 0.0, 0.0, 0.0, 1.0],
                [0.933157, 0.30819, 0.185033, 0.124994, -0.05636, -0.382938, 0.922053, -0.002831, 0.355024, -0.870849, -0.339971, -1.2e-05, 0.0, 0.0, 0.0, 1.0],
                [0.933436, 0.31048, 0.17972, 0.124994, -0.062127, -0.353497, 0.93337, -0.00283, 0.353323, -0.882407, -0.310678, -1.2e-05, 0.0, 0.0, 0.0, 1.0],
                [0.93293, 0.313716, 0.176705, 0.124994, -0.068876, -0.326212, 0.942784, -0.002831, 0.353409, -0.891722, -0.282725, -1.2e-05, 0.0, 0.0, 0.0, 1.0],
                [0.931756, 0.317755, 0.175678, 0.124994, -0.076547, -0.301062, 0.950528, -0.002831, 0.354925, -0.899107, -0.256193, -1.2e-05, 0.0, 0.0, 0.0, 1.0],
                [0.930032, 0.322423, 0.176309, 0.124994, -0.085012, -0.277994, 0.956814, -0.002831, 0.357511, -0.904856, -0.231133, -1.2e-05, 0.0, 0.0, 0.0, 1.0],
                [0.927868, 0.327537, 0.178269, 0.124994, -0.094099, -0.256932, 0.961837, -0.002831, 0.36084, -0.909234, -0.207578, -1.2e-05, 0.0, 0.0, 0.0, 1.0],
                [0.925371, 0.332925, 0.181247, 0.124994, -0.103618, -0.23777, 0.965779, -0.002831, 0.364627, -0.912484, -0.185529, -1.2e-05, 0.0, 0.0, 0.0, 1.0],
                [0.922633, 0.338434, 0.184962, 0.124994, -0.113375, -0.220389, 0.9688, -0.002831, 0.368639, -0.914817, -0.164969, -1.2e-05, 0.0, 0.0, 0.0, 1.0],
                [0.919741, 0.343939, 0.189164, 0.124994, -0.123189, -0.204647, 0.971053, -0.002831, 0.372695, -0.91642, -0.145852, -1.2e-05, 0.0, 0.0, 0.0, 1.0],
                [0.916768, 0.349344, 0.193639, 0.124994, -0.132896, -0.190392, 0.972672, -0.002831, 0.376664, -0.917448, -0.128119, -1.2e-05, 0.0, 0.0, 0.0, 1.0],
                [0.913783, 0.354546, 0.198235, 0.124994, -0.142322, -0.177636, 0.973751, -0.002831, 0.380453, -0.918011, -0.111861, -1.2e-05, 0.0, 0.0, 0.0, 1.0],
                [0.910846, 0.35946, 0.202852, 0.124994, -0.151325, -0.166417, 0.974375, -0.002831, 0.384007, -0.918202, -0.097185, -1.2e-05, 0.0, 0.0, 0.0, 1.0],
                [0.907997, 0.364049, 0.20739, 0.124994, -0.159821, -0.156612, 0.974644, -0.002831, 0.387298, -0.918118, -0.08402, -1.2e-05, 0.0, 0.0, 0.0, 1.0],
                [0.905272, 0.368289, 0.211771, 0.124994, -0.16775, -0.148097, 0.974642, -0.002831, 0.390313, -0.91784, -0.072287, -1.2e-05, 0.0, 0.0, 0.0, 1.0],
                [0.902698, 0.372169, 0.215931, 0.124994, -0.175065, -0.140746, 0.974445, -0.002831, 0.39305, -0.917431, -0.061897, -1.2e-05, 0.0, 0.0, 0.0, 1.0],
                [0.900299, 0.37569, 0.219813, 0.124994, -0.181736, -0.134434, 0.974115, -0.002831, 0.395516, -0.916943, -0.052755, -1.2e-05, 0.0, 0.0, 0.0, 1.0],
                [0.898094, 0.378858, 0.223369, 0.124994, -0.187742, -0.129035, 0.973706, -0.002831, 0.397719, -0.916415, -0.044758, -1.2e-05, 0.0, 0.0, 0.0, 1.0],
                [0.896097, 0.381685, 0.226556, 0.124994, -0.193072, -0.124416, 0.973265, -0.002831, 0.399667, -0.915881, -0.037796, -1.2e-05, 0.0, 0.0, 0.0, 1.0],
                [0.894321, 0.384184, 0.229331, 0.124994, -0.197723, -0.120443, 0.97283, -0.002831, 0.401367, -0.915366, -0.031752, -1.2e-05, 0.0, 0.0, 0.0, 1.0],
                [0.892779, 0.386371, 0.231652, 0.124994, -0.201688, -0.116997, 0.972437, -0.002831, 0.402824, -0.914894, -0.026526, -1.2e-05, 0.0, 0.0, 0.0, 1.0],
                [0.891485, 0.388245, 0.233497, 0.124994, -0.204961, -0.114012, 0.972107, -0.002831, 0.404037, -0.914476, -0.022065, -1.2e-05, 0.0, 0.0, 0.0, 1.0],
                [0.89045, 0.389805, 0.234844, 0.124994, -0.207537, -0.111427, 0.97186, -0.002831, 0.405004, -0.914131, -0.018321, -1.2e-05, 0.0, 0.0, 0.0, 1.0],
                [0.88969, 0.391041, 0.235667, 0.124994, -0.209403, -0.109188, 0.971714, -0.002831, 0.405712, -0.913874, -0.015258, -1.2e-05, 0.0, 0.0, 0.0, 1.0],
                [0.889223, 0.39194, 0.235934, 0.124994, -0.210545, -0.107239, 0.971684, -0.002831, 0.406143, -0.913719, -0.012839, -1.2e-05, 0.0, 0.0, 0.0, 1.0],
                [0.889073, 0.392479, 0.235604, 0.124994, -0.210938, -0.105528, 0.971787, -0.002831, 0.406269, -0.913687, -0.011033, -1.2e-05, 0.0, 0.0, 0.0, 1.0],
                [0.889092, 0.392808, 0.234986, 0.124994, -0.210947, -0.103978, 0.971952, -0.002831, 0.406223, -0.913724, -0.009584, -1.2e-05, 0.0, 0.0, 0.0, 1.0],
                [0.889115, 0.393095, 0.234417, 0.124994, -0.210958, -0.102547, 0.972102, -0.002831, 0.406167, -0.913762, -0.008249, -1.2e-05, 0.0, 0.0, 0.0, 1.0],
                [0.889142, 0.393345, 0.233894, 0.124994, -0.210971, -0.101227, 0.972237, -0.002831, 0.406101, -0.913801, -0.007021, -1.2e-05, 0.0, 0.0, 0.0, 1.0],
                [0.889172, 0.393559, 0.233417, 0.124994, -0.210986, -0.100017, 0.972359, -0.002831, 0.406027, -0.913842, -0.005896, -1.2e-05, 0.0, 0.0, 0.0, 1.0],
                [0.889206, 0.393741, 0.232983, 0.124994, -0.211002, -0.09891, 0.972469, -0.002831, 0.405945, -0.913885, -0.004871, -1.2e-05, 0.0, 0.0, 0.0, 1.0],
                [0.889242, 0.39389, 0.232591, 0.124994, -0.21102, -0.097903, 0.972567, -0.002831, 0.405856, -0.913929, -0.003941, -1.2e-05, 0.0, 0.0, 0.0, 1.0],
                [0.889281, 0.394011, 0.232239, 0.124994, -0.211038, -0.096991, 0.972654, -0.002831, 0.405762, -0.913974, -0.003101, -1.2e-05, 0.0, 0.0, 0.0, 1.0],
                [0.889321, 0.394106, 0.231924, 0.124994, -0.211057, -0.096171, 0.972732, -0.002831, 0.405663, -0.91402, -0.002348, -1.2e-05, 0.0, 0.0, 0.0, 1.0],
                [0.889363, 0.394176, 0.231645, 0.124994, -0.211078, -0.095438, 0.972799, -0.002831, 0.405561, -0.914066, -0.001677, -1.2e-05, 0.0, 0.0, 0.0, 1.0],
                [0.889406, 0.394224, 0.231399, 0.124994, -0.211098, -0.094785, 0.972859, -0.002831, 0.405457, -0.914114, -0.001082, -1.2e-05, 0.0, 0.0, 0.0, 1.0],
                [0.889449, 0.394252, 0.231185, 0.124994, -0.211119, -0.09421, 0.97291, -0.002831, 0.405351, -0.914161, -0.000561, -1.2e-05, 0.0, 0.0, 0.0, 1.0],
                [0.889492, 0.394263, 0.231, 0.124994, -0.21114, -0.093708, 0.972954, -0.002831, 0.405246, -0.914208, -0.000108, -1.2e-05, 0.0, 0.0, 0.0, 1.0],
                [0.889535, 0.394258, 0.230843, 0.124994, -0.21116, -0.093274, 0.972991, -0.002831, 0.405141, -0.914254, 0.000281, -1.2e-05, 0.0, 0.0, 0.0, 1.0],
                [0.889577, 0.39424, 0.230711, 0.124994, -0.21118, -0.092903, 0.973022, -0.002831, 0.405038, -0.9143, 0.000611, -1.2e-05, 0.0, 0.0, 0.0, 1.0],
                [0.889618, 0.394212, 0.230603, 0.124994, -0.2112, -0.092591, 0.973048, -0.002831, 0.404938, -0.914344, 0.000887, -1.2e-05, 0.0, 0.0, 0.0, 1.0],
                [0.889657, 0.394175, 0.230515, 0.124994, -0.211219, -0.092331, 0.973068, -0.002831, 0.404843, -0.914386, 0.001114, -1.2e-05, 0.0, 0.0, 0.0, 1.0],
                [0.889694, 0.394132, 0.230446, 0.124994, -0.211236, -0.092121, 0.973084, -0.002831, 0.404753, -0.914426, 0.001296, -1.2e-05, 0.0, 0.0, 0.0, 1.0],
                [0.889728, 0.394086, 0.230393, 0.124994, -0.211253, -0.091953, 0.973097, -0.002831, 0.404669, -0.914463, 0.001438, -1.2e-05, 0.0, 0.0, 0.0, 1.0],
                [0.889759, 0.394038, 0.230355, 0.124994, -0.211268, -0.091825, 0.973106, -0.002831, 0.404593, -0.914496, 0.001546, -1.2e-05, 0.0, 0.0, 0.0, 1.0],
                [0.889787, 0.393991, 0.230328, 0.124994, -0.211281, -0.091729, 0.973112, -0.002831, 0.404525, -0.914526, 0.001623, -1.2e-05, 0.0, 0.0, 0.0, 1.0],
                [0.88981, 0.393947, 0.230312, 0.124994, -0.211292, -0.091663, 0.973116, -0.002831, 0.404467, -0.914551, 0.001676, -1.2e-05, 0.0, 0.0, 0.0, 1.0],
                [0.889829, 0.39391, 0.230303, 0.124994, -0.211301, -0.091619, 0.973118, -0.002831, 0.40442, -0.914572, 0.001708, -1.2e-05, 0.0, 0.0, 0.0, 1.0],
                [0.889843, 0.393879, 0.230299, 0.124994, -0.211308, -0.091595, 0.973119, -0.002831, 0.404386, -0.914587, 0.001725, -1.2e-05, 0.0, 0.0, 0.0, 1.0],
                [0.889852, 0.39386, 0.230299, 0.124994, -0.211313, -0.091583, 0.973119, -0.002831, 0.404364, -0.914597, 0.001732, -1.2e-05, 0.0, 0.0, 0.0, 1.0],
                [0.889855, 0.393853, 0.230299, 0.124994, -0.211314, -0.091581, 0.973119, -0.002831, 0.404356, -0.9146, 0.001733, -1.2e-05, 0.0, 0.0, 0.0, 1.0],
                [0.889853, 0.39384, 0.230329, 0.124994, -0.211313, -0.091657, 0.973112, -0.002831, 0.404361, -0.914598, 0.001662, -1.2e-05, 0.0, 0.0, 0.0, 1.0],
                [0.889847, 0.393802, 0.230417, 0.124994, -0.21131, -0.091881, 0.973091, -0.002831, 0.404376, -0.914592, 0.001454, -1.2e-05, 0.0, 0.0, 0.0, 1.0],
                [0.889838, 0.393739, 0.23056, 0.124994, -0.211306, -0.092246, 0.973058, -0.002831, 0.404399, -0.914583, 0.001116, -1.2e-05, 0.0, 0.0, 0.0, 1.0],
                [0.889825, 0.393655, 0.230756, 0.124994, -0.211299, -0.092743, 0.973012, -0.002831, 0.404431, -0.914568, 0.000654, -1.2e-05, 0.0, 0.0, 0.0, 1.0],
                [0.889808, 0.393548, 0.231, 0.124994, -0.211292, -0.093365, 0.972954, -0.002831, 0.404471, -0.914551, 7.6e-05, -1.2e-05, 0.0, 0.0, 0.0, 1.0],
                [0.889789, 0.393421, 0.231291, 0.124994, -0.211282, -0.094105, 0.972884, -0.002831, 0.404519, -0.91453, -0.000611, -1.2e-05, 0.0, 0.0, 0.0, 1.0],
                [0.889767, 0.393275, 0.231625, 0.124994, -0.211272, -0.094954, 0.972804, -0.002831, 0.404573, -0.914505, -0.001399, -1.2e-05, 0.0, 0.0, 0.0, 1.0],
                [0.889742, 0.393111, 0.231998, 0.124994, -0.21126, -0.095905, 0.972714, -0.002831, 0.404634, -0.914476, -0.002283, -1.2e-05, 0.0, 0.0, 0.0, 1.0],
                [0.889715, 0.39293, 0.23241, 0.124994, -0.211246, -0.096952, 0.972613, -0.002831, 0.404701, -0.914444, -0.003255, -1.2e-05, 0.0, 0.0, 0.0, 1.0],
                [0.889685, 0.392733, 0.232855, 0.124994, -0.211232, -0.098086, 0.972502, -0.002831, 0.404773, -0.914407, -0.004308, -1.2e-05, 0.0, 0.0, 0.0, 1.0],
